0 0 0 0 0 0 0 0 0 0 0 0 0 0 0 0 0
0 0 0 0 0 0 0 0 0 0 0 0 0 0 0 0 0
0 0 0 0 0 0 0 0 0 0 0 0 0 0 0 0 0
0 0 0 0 0 0 0 0 0 0 0 0 0 0 0 0 0
0 0 0 0 0 0 0 0 0 0 0 0 0 0 0 0 0
0 0 0 0 0 0 0 0 0 0 0 0 0 0 0 0 0
0 0 0 0 0 0 0 0 0 0 0 0 0 0 0 0 0
0 0 0 0 0 0 0 0 0 0 0 0 0 0 0 0 0
0 0 0 0 0 0 0 0 0 0 0 0 0 0 0 0 0
0 0 0 0 0 0 0 0 0 0 0 0 0 0 0 0 0
0 0 0 0 0 0 0 0 0 0 0 0 0 0 0 0 0
0 0 0 0 0 0 0 0 0 0 0 0 0 0 0 0 0
0 0 0 0 0 0 0 0 0 0 0 0 0 0 0 0 0
0 0 0 0 0 0 0 0 0 0 0 0 0 0 0 0 0
0 0 0 0 0 0 0 0 0 0 0 0 0 0 0 0 0
0 0 0 0 0 0 0 0 0 0 0 0 0 0 0 0 0
0 0 0 0 0 0 0 0 0 0 0 0 0 0 0 0 0

0 0 0 0 0 0 0 0 0 0 0 0 0 0 0 0 0
0 0 0 0 0 0 0 0 0 0 0 0 0 0 0 0 0
0 0 0 0 0 0 0 0 0 0 0 0 0 0 0 0 0
0 0 0 0 0 0 0 0 0 0 0 0 0 0 0 0 0
0 0 0 0 0 0 0 0 0 0 0 0 0 0 0 0 0
0 0 0 0 0 0 0 0 0 0 0 0 0 0 0 0 0
0 0 0 0 0 0 0 0 0 0 0 0 0 0 0 0 0
0 0 0 0 0 0 0 0 0 0 0 0 0 0 0 0 0
0 0 0 0 0 0 0 0 0 0 0 0 0 0 0 0 0
0 0 0 0 0 0 0 0 0 0 0 0 0 0 0 0 0
0 0 0 0 0 0 0 0 0 0 0 0 0 0 0 0 0
0 0 0 0 0 0 0 0 0 0 0 0 0 0 0 0 0
0 0 0 0 0 0 0 0 0 0 0 0 0 0 0 0 0
0 0 0 0 0 0 0 0 0 0 0 0 0 0 0 0 0
0 0 0 0 0 0 0 0 0 0 0 0 0 0 0 0 0
0 0 0 0 0 0 0 0 0 0 0 0 0 0 0 0 0
0 0 0 0 0 0 0 0 0 0 0 0 0 0 0 0 0

0 0 0 0 0 0 0 0 0 0 0 0 0 0 0 0 0
0 0 0 0 0 0 0 0 0 0 0 0 0 0 0 0 0
0 0 0 0 0 0 0 0 0 0 0 0 0 0 0 0 0
0 0 0 0 0 0 0 0 0 0 0 0 0 0 0 0 0
0 0 0 0 0 0 0 0 0 0 0 0 0 0 0 0 0
0 0 0 0 0 0 0 0 0 0 0 0 0 0 0 0 0
0 0 0 0 0 0 0 0 0 0 0 0 0 0 0 0 0
0 0 0 0 0 0 0 0 0 0 0 0 0 0 0 0 0
0 0 0 0 0 0 0 0 0 0 0 0 0 0 0 0 0
0 0 0 0 0 0 0 0 0 0 0 0 0 0 0 0 0
0 0 0 0 0 0 0 0 0 0 0 0 0 0 0 0 0
0 0 0 0 0 0 0 0 0 0 0 0 0 0 0 0 0
0 0 0 0 0 0 0 0 0 0 0 0 0 0 0 0 0
0 0 0 0 0 0 0 0 0 0 0 0 0 0 0 0 0
0 0 0 0 0 0 0 0 0 0 0 0 0 0 0 0 0
0 0 0 0 0 0 0 0 0 0 0 0 0 0 0 0 0
0 0 0 0 0 0 0 0 0 0 0 0 0 0 0 0 0

0 0 0 0 0 0 0 0 0 0 0 0 0 0 0 0 0
0 0 0 0 0 0 0 0 0 0 0 0 0 0 0 0 0
0 0 0 0 0 0 0 0 0 0 0 0 0 0 0 0 0
0 0 0 0 0 0 0 3 -11 22 0 0 0 0 0 0 0
0 0 0 0 0 0 125 224 240 255 -22 0 0 0 0 0 0
0 0 0 0 0 0 230 225 229 211 98 0 0 0 0 0 0
0 0 0 0 0 0 220 228 246 208 59 0 0 0 0 0 0
0 0 0 0 0 0 226 228 254 210 25 0 0 0 0 0 0
0 0 0 0 0 0 0 16 11 -23 0 0 0 0 0 0 0
0 0 0 0 0 0 0 0 0 0 0 0 0 0 0 0 0
0 0 0 0 0 0 0 0 0 0 0 0 0 0 0 0 0
0 0 0 0 0 0 0 0 0 0 0 0 0 0 0 0 0
0 0 0 0 0 0 0 0 0 0 0 0 0 0 0 0 0
0 0 0 0 0 0 0 0 0 0 0 0 0 0 0 0 0
0 0 0 0 0 0 0 0 0 0 0 0 0 0 0 0 0
0 0 0 0 0 0 0 0 0 0 0 0 0 0 0 0 0
0 0 0 0 0 0 0 0 0 0 0 0 0 0 0 0 0

0 0 0 0 0 0 0 0 0 0 0 0 0 0 0 0 0
0 0 0 0 0 0 0 0 0 0 0 0 0 0 0 0 0
0 0 0 0 0 0 0 0 51 172 135 0 0 0 0 0 0
0 0 0 0 0 0 159 231 243 193 30 0 0 0 0 0 0
0 0 0 0 0 167 210 231 239 233 237 0 0 0 0 0 0
0 0 0 0 0 223 191 225 214 246 235 0 0 0 0 0 0
0 0 0 0 0 182 215 233 225 238 202 0 0 0 0 0 0
0 0 0 0 0 211 217 234 156 241 193 0 0 0 0 0 0
0 0 0 0 0 0 199 194 160 173 26 0 0 0 0 0 0
0 0 0 0 0 0 0 111 78 78 0 0 0 0 0 0 0
0 0 0 0 0 0 0 0 28 0 0 0 0 0 0 0 0
0 0 0 0 0 0 0 0 0 0 0 0 0 0 0 0 0
0 0 0 0 0 0 0 0 0 0 0 0 0 0 0 0 0
0 0 0 0 0 0 0 0 0 0 0 0 0 0 0 0 0
0 0 0 0 0 0 0 0 0 0 0 0 0 0 0 0 0
0 0 0 0 0 0 0 0 0 0 0 0 0 0 0 0 0
0 0 0 0 0 0 0 0 0 0 0 0 0 0 0 0 0

0 0 0 0 0 0 0 0 0 0 0 0 0 0 0 0 0
0 0 0 0 0 0 0 0 38 57 -3 0 0 0 0 0 0
0 0 0 0 0 0 0 0 177 157 190 0 0 0 0 0 0
0 0 0 0 0 0 207 196 206 175 164 0 0 0 0 0 0
0 0 0 0 0 221 203 224 233 222 199 0 0 0 0 0 0
0 0 0 0 0 202 213 219 194 207 218 190 0 0 0 0 0
0 0 0 0 0 196 215 156 138 159 189 185 0 0 0 0 0
0 0 0 0 0 220 162 143 163 164 153 28 0 0 0 0 0
0 0 0 0 0 136 160 150 142 166 158 158 0 0 0 0 0
0 0 0 0 0 71 155 164 139 139 161 76 0 0 0 0 0
0 0 0 0 0 0 136 158 132 142 139 0 0 0 0 0 0
0 0 0 0 0 0 0 129 189 89 0 0 0 0 0 0 0
0 0 0 0 0 0 0 0 0 0 0 0 0 0 0 0 0
0 0 0 0 0 0 0 0 0 0 0 0 0 0 0 0 0
0 0 0 0 0 0 0 0 0 0 0 0 0 0 0 0 0
0 0 0 0 0 0 0 0 0 0 0 0 0 0 0 0 0
0 0 0 0 0 0 0 0 0 0 0 0 0 0 0 0 0

0 0 0 0 0 0 0 0 0 0 0 0 0 0 0 0 0
0 0 0 0 0 0 0 0 0 77 18 0 0 0 0 0 0
0 0 0 0 0 0 0 0 101 187 173 0 0 0 0 0 0
0 0 0 0 0 0 234 247 228 194 62 0 0 0 0 0 0
0 0 0 0 0 237 220 188 228 212 216 0 0 0 0 0 0
0 0 0 0 0 219 178 157 158 177 178 218 0 0 0 0 0
0 0 0 0 0 192 151 178 163 187 185 182 0 0 0 0 0
0 0 0 0 0 136 176 171 132 162 145 171 0 0 0 0 0
0 0 0 0 38 167 155 171 161 188 181 181 28 0 0 0 0
0 0 0 0 27 139 185 181 155 149 161 208 20 0 0 0 0
0 0 0 0 0 177 150 143 164 174 147 190 0 0 0 0 0
0 0 0 0 0 0 163 143 141 197 170 0 0 0 0 0 0
0 0 0 0 0 0 0 47 95 67 0 0 0 0 0 0 0
0 0 0 0 0 0 0 0 0 0 0 0 0 0 0 0 0
0 0 0 0 0 0 0 0 0 0 0 0 0 0 0 0 0
0 0 0 0 0 0 0 0 0 0 0 0 0 0 0 0 0
0 0 0 0 0 0 0 0 0 0 0 0 0 0 0 0 0

0 0 0 0 0 0 0 0 0 0 0 0 0 0 0 0 0
0 0 0 0 0 0 0 0 0 0 0 0 0 0 0 0 0
0 0 0 0 0 0 0 0 0 0 0 0 0 0 0 0 0
0 0 0 0 0 0 247 215 214 227 10 0 0 0 0 0 0
0 0 0 0 0 172 194 228 175 202 192 0 0 0 0 0 0
0 0 0 0 0 200 178 182 183 172 171 67 0 0 0 0 0
0 0 0 0 0 163 197 142 174 182 156 152 0 0 0 0 0
0 0 0 0 91 179 133 178 157 169 167 174 79 0 0 0 0
0 0 0 0 180 160 160 195 165 155 140 185 178 0 0 0 0
0 0 0 0 159 169 176 150 135 167 166 164 170 0 0 0 0
0 0 0 0 46 153 165 164 159 174 162 143 91 0 0 0 0
0 0 0 0 0 157 156 173 185 166 163 166 0 0 0 0 0
0 0 0 0 0 0 79 192 156 149 101 0 0 0 0 0 0
0 0 0 0 0 0 0 0 0 0 0 0 0 0 0 0 0
0 0 0 0 0 0 0 0 0 0 0 0 0 0 0 0 0
0 0 0 0 0 0 0 0 0 0 0 0 0 0 0 0 0
0 0 0 0 0 0 0 0 0 0 0 0 0 0 0 0 0

0 0 0 0 0 0 0 0 0 0 0 0 0 0 0 0 0
0 0 0 0 0 0 0 0 0 0 0 0 0 0 0 0 0
0 0 0 0 0 0 0 0 0 0 0 0 0 0 0 0 0
0 0 0 0 0 0 0 32 19 13 0 0 0 0 0 0 0
0 0 0 0 0 0 248 170 190 186 26 0 0 0 0 0 0
0 0 0 0 0 135 212 161 136 178 168 138 0 0 0 0 0
0 0 0 0 45 166 121 170 178 150 165 174 4 0 0 0 0
0 0 0 0 174 174 162 184 179 181 181 181 163 0 0 0 0
0 0 0 0 171 131 184 179 178 175 160 154 153 0 0 0 0
0 0 0 0 166 135 172 167 155 174 159 186 178 0 0 0 0
0 0 0 0 121 157 177 192 162 174 192 151 101 0 0 0 0
0 0 0 0 0 146 95 185 157 183 162 172 0 0 0 0 0
0 0 0 0 0 78 93 128 165 164 132 0 0 0 0 0 0
0 0 0 0 0 0 96 0 0 0 0 0 0 0 0 0 0
0 0 0 0 0 0 0 0 0 0 0 0 0 0 0 0 0
0 0 0 0 0 0 0 0 0 0 0 0 0 0 0 0 0
0 0 0 0 0 0 0 0 0 0 0 0 0 0 0 0 0

0 0 0 0 0 0 0 0 0 0 0 0 0 0 0 0 0
0 0 0 0 0 0 0 0 0 0 0 0 0 0 0 0 0
0 0 0 0 0 0 0 0 0 0 0 0 0 0 0 0 0
0 0 0 0 0 0 0 0 0 0 0 0 0 0 0 0 0
0 0 0 0 0 0 0 81 74 69 0 0 0 0 0 0 0
0 0 0 0 0 104 150 152 135 158 185 69 0 0 0 0 0
0 0 0 0 9 170 187 128 163 159 181 149 21 0 0 0 0
0 0 0 0 167 168 190 183 173 188 175 169 152 0 0 0 0
0 0 0 0 161 161 179 186 177 150 187 156 155 0 0 0 0
0 0 0 0 167 181 192 180 133 150 175 174 170 0 0 0 0
0 0 0 0 88 117 58 91 173 158 161 165 90 0 0 0 0
0 0 0 0 69 84 76 98 118 154 199 147 0 0 0 0 0
0 0 0 0 113 65 98 83 92 154 156 0 0 0 0 0 0
0 0 0 0 57 117 114 81 37 0 0 0 0 0 0 0 0
0 0 0 0 0 34 78 13 0 0 0 0 0 0 0 0 0
0 0 0 0 0 0 0 0 0 0 0 0 0 0 0 0 0
0 0 0 0 0 0 0 0 0 0 0 0 0 0 0 0 0

0 0 0 0 0 0 0 0 0 0 0 0 0 0 0 0 0
0 0 0 0 0 0 0 0 0 0 0 0 0 0 0 0 0
0 0 0 0 0 0 0 0 0 0 0 0 0 0 0 0 0
0 0 0 0 0 0 0 0 0 0 0 0 0 0 0 0 0
0 0 0 0 0 0 0 0 -16 0 0 0 0 0 0 0 0
0 0 0 0 0 0 160 172 156 160 149 0 0 0 0 0 0
0 0 0 0 0 153 148 162 145 151 141 151 13 0 0 0 0
0 0 0 0 60 138 199 171 164 165 175 157 61 0 0 0 0
0 0 0 0 71 171 140 145 153 148 158 159 80 0 0 0 0
0 0 0 0 103 156 199 188 147 138 180 160 83 18 0 0 0
0 0 0 0 42 110 117 85 150 184 160 163 -3 7 0 0 0
0 0 0 0 104 82 100 105 94 134 177 134 0 0 0 0 0
0 0 0 0 76 84 121 68 85 171 43 0 0 0 0 0 0
0 0 0 0 102 90 91 81 104 0 0 0 0 0 0 0 0
0 0 0 0 0 84 93 107 0 0 0 0 0 0 0 0 0
0 0 0 0 0 0 0 0 0 0 0 0 0 0 0 0 0
0 0 0 0 0 0 0 0 0 0 0 0 0 0 0 0 0

0 0 0 0 0 0 0 0 0 0 0 0 0 0 0 0 0
0 0 0 0 0 0 0 0 0 0 0 0 0 0 0 0 0
0 0 0 0 0 0 0 0 0 0 0 0 0 0 0 0 0
0 0 0 0 0 0 0 0 0 0 0 0 0 0 0 0 0
0 0 0 0 0 0 0 0 0 0 0 0 0 0 0 0 0
0 0 0 0 0 0 0 139 156 128 0 0 0 0 0 0 0
0 0 0 0 0 0 136 176 183 176 183 28 79 -15 0 0 0
0 0 0 0 0 147 169 212 187 170 186 68 52 20 0 0 0
0 0 0 0 0 140 169 135 188 161 196 141 45 0 0 0 0
0 0 0 0 0 143 159 169 158 172 166 162 0 0 0 0 0
0 0 0 0 42 127 91 89 157 178 162 164 0 0 0 0 0
0 0 0 0 100 88 121 85 85 182 142 0 0 0 0 0 0
0 0 0 0 96 65 86 82 88 0 0 0 0 0 0 0 0
0 0 0 0 108 78 78 92 107 0 0 0 0 0 0 0 0
0 0 0 0 0 111 114 87 0 0 0 0 0 0 0 0 0
0 0 0 0 0 0 0 0 0 0 0 0 0 0 0 0 0
0 0 0 0 0 0 0 0 0 0 0 0 0 0 0 0 0

0 0 0 0 0 0 0 0 0 0 0 0 0 0 0 0 0
0 0 0 0 0 0 0 0 0 0 0 0 0 0 0 0 0
0 0 0 0 0 0 0 0 0 0 0 0 0 0 0 0 0
0 0 0 0 0 0 0 0 0 0 0 0 0 0 0 0 0
0 0 0 0 0 0 0 0 0 0 0 0 0 0 0 0 0
0 0 0 0 0 0 0 197 173 0 0 0 0 0 0 0 0
0 0 0 0 0 0 179 189 219 134 0 0 7 0 0 0 0
0 0 0 0 0 0 213 197 199 186 104 5 70 0 0 0 0
0 0 0 0 0 0 184 208 210 172 159 0 0 0 0 0 0
0 0 0 0 0 0 134 166 203 170 157 0 0 0 0 0 0
0 0 0 0 0 48 95 137 164 172 20 0 0 0 0 0 0
0 0 0 0 63 90 107 66 74 0 0 0 0 0 0 0 0
0 0 0 0 69 100 89 114 67 0 0 0 0 0 0 0 0
0 0 0 0 43 102 70 98 0 0 0 0 0 0 0 0 0
0 0 0 0 0 0 42 0 0 0 0 0 0 0 0 0 0
0 0 0 0 0 0 0 0 0 0 0 0 0 0 0 0 0
0 0 0 0 0 0 0 0 0 0 0 0 0 0 0 0 0

0 0 0 0 0 0 0 0 0 0 0 0 0 0 0 0 0
0 0 0 0 0 0 0 0 0 0 0 0 0 0 0 0 0
0 0 0 0 0 0 0 0 0 0 0 0 0 0 0 0 0
0 0 0 0 0 0 0 0 0 0 0 0 0 0 0 0 0
0 0 0 0 0 0 0 0 0 0 0 0 0 0 0 0 0
0 0 0 0 0 0 0 172 173 0 0 0 0 0 0 0 0
0 0 0 0 0 0 200 163 203 130 0 0 0 0 0 0 0
0 0 0 0 0 0 193 213 208 114 0 0 0 0 0 0 0
0 0 0 0 0 0 0 181 202 0 0 0 0 0 0 0 0
0 0 0 0 0 0 0 0 0 0 0 0 0 0 0 0 0
0 0 0 0 0 0 0 0 0 0 0 0 0 0 0 0 0
0 0 0 0 0 -1 -8 -6 0 0 0 0 0 0 0 0 0
0 0 0 0 0 -4 25 21 0 0 0 0 0 0 0 0 0
0 0 0 0 0 0 20 0 0 0 0 0 0 0 0 0 0
0 0 0 0 0 0 0 0 0 0 0 0 0 0 0 0 0
0 0 0 0 0 0 0 0 0 0 0 0 0 0 0 0 0
0 0 0 0 0 0 0 0 0 0 0 0 0 0 0 0 0

0 0 0 0 0 0 0 0 0 0 0 0 0 0 0 0 0
0 0 0 0 0 0 0 0 0 0 0 0 0 0 0 0 0
0 0 0 0 0 0 0 0 0 0 0 0 0 0 0 0 0
0 0 0 0 0 0 0 0 0 0 0 0 0 0 0 0 0
0 0 0 0 0 0 0 0 0 0 0 0 0 0 0 0 0
0 0 0 0 0 0 0 0 0 0 0 0 0 0 0 0 0
0 0 0 0 0 0 0 161 148 0 0 0 0 0 0 0 0
0 0 0 0 0 0 0 168 139 0 0 0 0 0 0 0 0
0 0 0 0 0 0 0 0 0 0 0 0 0 0 0 0 0
0 0 0 0 0 0 0 0 0 0 0 0 0 0 0 0 0
0 0 0 0 0 0 0 0 0 0 0 0 0 0 0 0 0
0 0 0 0 0 0 0 0 0 0 0 0 0 0 0 0 0
0 0 0 0 0 0 0 0 0 0 0 0 0 0 0 0 0
0 0 0 0 0 0 0 0 0 0 0 0 0 0 0 0 0
0 0 0 0 0 0 0 0 0 0 0 0 0 0 0 0 0
0 0 0 0 0 0 0 0 0 0 0 0 0 0 0 0 0
0 0 0 0 0 0 0 0 0 0 0 0 0 0 0 0 0

0 0 0 0 0 0 0 0 0 0 0 0 0 0 0 0 0
0 0 0 0 0 0 0 0 0 0 0 0 0 0 0 0 0
0 0 0 0 0 0 0 0 0 0 0 0 0 0 0 0 0
0 0 0 0 0 0 0 0 0 0 0 0 0 0 0 0 0
0 0 0 0 0 0 0 0 0 0 0 0 0 0 0 0 0
0 0 0 0 0 0 0 0 0 0 0 0 0 0 0 0 0
0 0 0 0 0 0 0 0 0 0 0 0 0 0 0 0 0
0 0 0 0 0 0 0 0 0 0 0 0 0 0 0 0 0
0 0 0 0 0 0 0 0 0 0 0 0 0 0 0 0 0
0 0 0 0 0 0 0 0 0 0 0 0 0 0 0 0 0
0 0 0 0 0 0 0 0 0 0 0 0 0 0 0 0 0
0 0 0 0 0 0 0 0 0 0 0 0 0 0 0 0 0
0 0 0 0 0 0 0 0 0 0 0 0 0 0 0 0 0
0 0 0 0 0 0 0 0 0 0 0 0 0 0 0 0 0
0 0 0 0 0 0 0 0 0 0 0 0 0 0 0 0 0
0 0 0 0 0 0 0 0 0 0 0 0 0 0 0 0 0
0 0 0 0 0 0 0 0 0 0 0 0 0 0 0 0 0

0 0 0 0 0 0 0 0 0 0 0 0 0 0 0 0 0
0 0 0 0 0 0 0 0 0 0 0 0 0 0 0 0 0
0 0 0 0 0 0 0 0 0 0 0 0 0 0 0 0 0
0 0 0 0 0 0 0 0 0 0 0 0 0 0 0 0 0
0 0 0 0 0 0 0 0 0 0 0 0 0 0 0 0 0
0 0 0 0 0 0 0 0 0 0 0 0 0 0 0 0 0
0 0 0 0 0 0 0 0 0 0 0 0 0 0 0 0 0
0 0 0 0 0 0 0 0 0 0 0 0 0 0 0 0 0
0 0 0 0 0 0 0 0 0 0 0 0 0 0 0 0 0
0 0 0 0 0 0 0 0 0 0 0 0 0 0 0 0 0
0 0 0 0 0 0 0 0 0 0 0 0 0 0 0 0 0
0 0 0 0 0 0 0 0 0 0 0 0 0 0 0 0 0
0 0 0 0 0 0 0 0 0 0 0 0 0 0 0 0 0
0 0 0 0 0 0 0 0 0 0 0 0 0 0 0 0 0
0 0 0 0 0 0 0 0 0 0 0 0 0 0 0 0 0
0 0 0 0 0 0 0 0 0 0 0 0 0 0 0 0 0
0 0 0 0 0 0 0 0 0 0 0 0 0 0 0 0 0

