0 0 0 0 0 0 0 0 0 0 0 0 0 0 0 0 0
0 0 0 0 0 0 0 0 0 0 0 0 0 0 0 0 0
0 0 0 0 0 0 0 0 0 0 0 0 0 0 0 0 0
0 0 0 0 0 0 0 0 0 0 0 0 0 0 0 0 0
0 0 0 0 0 0 0 0 0 0 0 0 0 0 0 0 0
0 0 0 0 0 0 0 0 0 0 0 0 0 0 0 0 0
0 0 0 0 0 0 0 0 0 0 0 0 0 0 0 0 0
0 0 0 0 0 0 0 0 0 0 0 0 0 0 0 0 0
0 0 0 0 0 0 0 0 0 0 0 0 0 0 0 0 0
0 0 0 0 0 0 0 0 0 0 0 0 0 0 0 0 0
0 0 0 0 0 0 0 0 0 0 0 0 0 0 0 0 0
0 0 0 0 0 0 0 0 0 0 0 0 0 0 0 0 0
0 0 0 0 0 0 0 0 0 0 0 0 0 0 0 0 0
0 0 0 0 0 0 0 0 0 0 0 0 0 0 0 0 0
0 0 0 0 0 0 0 0 0 0 0 0 0 0 0 0 0
0 0 0 0 0 0 0 0 0 0 0 0 0 0 0 0 0
0 0 0 0 0 0 0 0 0 0 0 0 0 0 0 0 0

0 0 0 0 0 0 0 0 0 0 0 0 0 0 0 0 0
0 0 0 0 0 0 0 0 0 0 0 0 0 0 0 0 0
0 0 0 0 0 0 0 0 0 0 0 0 0 0 0 0 0
0 0 0 0 0 0 0 0 0 0 0 0 0 0 0 0 0
0 0 0 0 0 0 0 0 0 0 0 0 0 0 0 0 0
0 0 0 0 0 0 0 0 0 0 0 0 0 0 0 0 0
0 0 0 0 0 0 0 0 0 0 0 0 0 0 0 0 0
0 0 0 0 0 0 0 0 0 0 0 0 0 0 0 0 0
0 0 0 0 0 0 0 0 0 0 0 0 0 0 0 0 0
0 0 0 0 0 0 0 0 0 0 0 0 0 0 0 0 0
0 0 0 0 0 0 0 0 0 0 0 0 0 0 0 0 0
0 0 0 0 0 0 0 0 0 0 0 0 0 0 0 0 0
0 0 0 0 0 0 0 0 0 0 0 0 0 0 0 0 0
0 0 0 0 0 0 0 0 0 0 0 0 0 0 0 0 0
0 0 0 0 0 0 0 0 0 0 0 0 0 0 0 0 0
0 0 0 0 0 0 0 0 0 0 0 0 0 0 0 0 0
0 0 0 0 0 0 0 0 0 0 0 0 0 0 0 0 0

0 0 0 0 0 0 0 0 0 0 0 0 0 0 0 0 0
0 0 0 0 0 0 0 0 0 0 0 0 0 0 0 0 0
0 0 0 0 0 0 0 0 0 0 0 0 0 0 0 0 0
0 0 0 0 0 0 0 0 0 0 0 0 0 0 0 0 0
0 0 0 0 0 0 0 0 0 0 0 0 0 0 0 0 0
0 0 0 0 0 0 0 0 0 0 0 0 0 0 0 0 0
0 0 0 0 0 0 0 0 0 0 0 0 0 0 0 0 0
0 0 0 0 0 0 0 0 0 0 0 0 0 0 0 0 0
0 0 0 0 0 0 0 0 0 0 0 0 0 0 0 0 0
0 0 0 0 0 0 0 0 0 0 0 0 0 0 0 0 0
0 0 0 0 0 0 0 0 0 0 0 0 0 0 0 0 0
0 0 0 0 0 0 0 0 0 0 0 0 0 0 0 0 0
0 0 0 0 0 0 0 0 0 0 0 0 0 0 0 0 0
0 0 0 0 0 0 0 0 0 0 0 0 0 0 0 0 0
0 0 0 0 0 0 0 0 0 0 0 0 0 0 0 0 0
0 0 0 0 0 0 0 0 0 0 0 0 0 0 0 0 0
0 0 0 0 0 0 0 0 0 0 0 0 0 0 0 0 0

0 0 0 0 0 0 0 0 0 0 0 0 0 0 0 0 0
0 0 0 0 0 0 0 0 0 0 0 0 0 0 0 0 0
0 0 0 0 0 0 0 0 0 0 0 0 0 0 0 0 0
0 0 0 0 0 0 0 5 0 0 0 0 0 0 0 0 0
0 0 0 0 0 0 2 6 14 88 212 124 0 0 0 0 0
0 0 0 0 0 0 0 10 9 214 215 216 0 0 0 0 0
0 0 0 0 0 0 0 0 0 211 211 178 0 0 0 0 0
0 0 0 0 0 0 0 0 0 0 11 0 0 0 0 0 0
0 0 0 0 0 0 0 0 0 0 0 0 0 0 0 0 0
0 0 0 0 0 0 0 0 0 0 0 0 0 0 0 0 0
0 0 0 0 0 0 0 0 0 0 0 0 0 0 0 0 0
0 0 0 0 0 0 0 0 0 0 0 0 0 0 0 0 0
0 0 0 0 0 0 0 0 0 0 0 0 0 0 0 0 0
0 0 0 0 0 0 0 0 0 0 0 0 0 0 0 0 0
0 0 0 0 0 0 0 0 0 0 0 0 0 0 0 0 0
0 0 0 0 0 0 0 0 0 0 0 0 0 0 0 0 0
0 0 0 0 0 0 0 0 0 0 0 0 0 0 0 0 0

0 0 0 0 0 0 0 0 0 0 0 0 0 0 0 0 0
0 0 0 0 0 0 0 0 0 0 0 0 0 0 0 0 0
0 0 0 0 0 0 0 0 0 0 0 0 0 0 0 0 0
0 0 0 0 0 0 8 9 4 35 213 118 0 0 0 0 0
0 0 0 0 0 0 11 15 11 13 213 217 131 0 0 0 0
0 0 0 0 0 0 8 10 12 26 217 206 214 0 0 0 0
0 0 0 0 0 0 0 4 159 216 212 216 174 0 0 0 0
0 0 0 0 0 0 0 0 0 214 214 205 0 0 0 0 0
0 0 0 0 0 0 0 43 44 0 0 0 0 0 0 0 0
0 0 0 0 0 0 94 92 98 90 0 0 0 0 0 0 0
0 0 0 0 0 33 90 92 94 95 0 0 0 0 0 0 0
0 0 0 0 0 22 94 89 95 90 0 0 0 0 0 0 0
0 0 0 0 0 0 65 88 94 0 0 0 0 0 0 0 0
0 0 0 0 0 0 0 0 0 0 0 0 0 0 0 0 0
0 0 0 0 0 0 0 0 0 0 0 0 0 0 0 0 0
0 0 0 0 0 0 0 0 0 0 0 0 0 0 0 0 0
0 0 0 0 0 0 0 0 0 0 0 0 0 0 0 0 0

0 0 0 0 0 0 0 0 0 0 0 0 0 0 0 0 0
0 0 0 0 0 0 0 0 0 0 0 0 0 0 0 0 0
0 0 0 0 0 0 0 0 0 0 0 0 0 0 0 0 0
0 0 0 0 0 0 -1 10 11 147 206 212 0 0 0 0 0
0 0 0 0 0 0 8 12 11 13 211 209 213 0 0 0 0
0 0 0 0 0 0 4 10 17 29 213 214 209 0 0 0 0
0 0 0 0 0 0 0 181 163 215 217 214 213 0 0 0 0
0 0 0 0 0 0 0 147 245 212 207 208 13 0 0 0 0
0 0 0 0 0 0 93 96 98 94 0 0 0 0 0 0 0
0 0 0 0 0 94 91 93 92 92 69 0 0 0 0 0 0
0 0 0 0 0 97 94 95 98 94 97 0 0 0 0 0 0
0 0 0 0 0 96 87 92 95 88 80 0 0 0 0 0 0
0 0 0 0 0 71 96 94 96 92 0 0 0 0 0 0 0
0 0 0 0 0 0 34 87 69 0 0 0 0 0 0 0 0
0 0 0 0 0 0 0 0 0 0 0 0 0 0 0 0 0
0 0 0 0 0 0 0 0 0 0 0 0 0 0 0 0 0
0 0 0 0 0 0 0 0 0 0 0 0 0 0 0 0 0

0 0 0 0 0 0 0 0 0 0 0 0 0 0 0 0 0
0 0 0 0 0 0 0 0 0 0 0 0 0 0 0 0 0
0 0 0 0 0 0 0 0 0 0 0 0 0 0 0 0 0
0 0 0 0 0 0 0 0 -2 214 216 176 0 0 0 0 0
0 0 0 0 0 0 0 9 17 213 214 213 173 0 0 0 0
0 0 0 0 0 0 0 -1 104 217 211 218 211 0 0 0 0
0 0 0 0 0 0 0 255 211 218 211 211 213 0 0 0 0
0 0 0 0 0 0 0 117 111 211 210 219 0 0 0 0 0
0 0 0 0 0 97 89 93 92 92 0 0 0 0 0 0 0
0 0 0 0 3 92 96 100 96 94 87 0 0 0 0 0 0
0 0 0 0 49 96 93 92 91 94 94 0 0 0 0 0 0
0 0 0 0 47 91 94 92 94 93 93 0 0 0 0 0 0
0 0 0 0 0 93 89 93 94 96 70 0 0 0 0 0 0
0 0 0 0 0 0 92 91 91 35 0 0 0 0 0 0 0
0 0 0 0 0 0 0 0 0 0 0 0 0 0 0 0 0
0 0 0 0 0 0 0 0 0 0 0 0 0 0 0 0 0
0 0 0 0 0 0 0 0 0 0 0 0 0 0 0 0 0

0 0 0 0 0 0 0 0 0 0 0 0 0 0 0 0 0
0 0 0 0 0 0 0 0 0 0 0 0 0 0 0 0 0
0 0 0 0 0 0 0 0 0 0 0 0 0 0 0 0 0
0 0 0 0 0 0 0 0 0 0 10 0 0 0 0 0 0
0 0 0 0 0 0 0 0 0 218 213 211 0 0 0 0 0
0 0 0 0 0 0 0 0 28 213 216 222 11 0 0 0 0
0 0 0 0 0 0 0 27 254 215 216 216 0 0 0 0 0
0 0 0 0 0 0 148 112 113 224 46 0 0 0 0 0 0
0 0 0 0 0 96 95 92 92 86 0 0 0 0 0 0 0
0 0 0 0 15 97 89 95 94 96 94 0 0 0 0 0 0
0 0 0 0 41 95 90 97 90 96 90 0 0 0 0 0 0
0 0 0 0 51 93 91 94 88 96 90 0 0 0 0 0 0
0 0 0 0 0 94 87 93 92 94 71 0 0 0 0 0 0
0 0 0 0 0 0 91 93 97 37 0 0 0 0 0 0 0
0 0 0 0 0 0 0 0 0 0 0 0 0 0 0 0 0
0 0 0 0 0 0 0 0 0 0 0 0 0 0 0 0 0
0 0 0 0 0 0 0 0 0 0 0 0 0 0 0 0 0

0 0 0 0 0 0 0 0 0 0 0 0 0 0 0 0 0
0 0 0 0 0 0 0 0 0 0 0 0 0 0 0 0 0
0 0 0 0 0 0 0 0 0 0 0 0 0 0 0 0 0
0 0 0 0 0 0 0 0 0 0 0 0 0 0 0 0 0
0 0 0 0 0 0 0 0 90 90 0 0 0 0 0 0 0
0 0 0 0 0 0 0 80 88 85 66 0 0 0 0 0 0
0 0 0 0 0 0 0 187 93 93 15 0 0 0 0 0 0
0 0 0 0 0 99 159 224 223 229 166 0 0 0 0 0 0
0 0 0 0 0 0 89 91 93 92 171 0 0 0 0 0 0
0 0 0 0 0 95 95 95 91 94 73 0 0 0 0 0 0
0 0 0 0 0 96 92 92 93 91 97 0 0 0 0 0 0
0 0 0 0 0 92 98 93 88 88 93 0 0 0 0 0 0
0 0 0 0 0 75 92 90 92 96 0 0 0 0 0 0 0
0 0 0 0 0 0 38 92 89 0 0 0 0 0 0 0 0
0 0 0 0 0 0 0 0 0 0 0 0 0 0 0 0 0
0 0 0 0 0 0 0 0 0 0 0 0 0 0 0 0 0
0 0 0 0 0 0 0 0 0 0 0 0 0 0 0 0 0

0 0 0 0 0 0 0 0 0 0 0 0 0 0 0 0 0
0 0 0 0 0 0 0 0 0 0 0 0 0 0 0 0 0
0 0 0 0 0 0 0 0 0 0 0 0 0 0 0 0 0
0 0 0 0 0 0 0 0 34 54 0 0 0 0 0 0 0
0 0 0 0 0 0 0 96 89 93 90 0 0 0 0 0 0
0 0 0 0 0 0 0 90 92 91 93 0 0 0 0 0 0
0 0 0 0 0 0 0 93 96 91 91 0 0 0 0 0 0
0 0 0 0 0 0 129 122 126 98 29 4 0 0 0 0 0
0 0 0 0 0 76 130 97 96 126 177 0 0 0 0 0 0
0 0 0 0 0 83 97 95 94 98 0 0 0 0 0 0 0
0 0 0 0 0 51 95 94 93 94 0 0 0 0 0 0 0
0 0 0 0 0 34 94 93 87 94 0 0 0 0 0 0 0
0 0 0 0 0 0 78 92 95 0 0 0 0 0 0 0 0
0 0 0 0 0 0 0 0 0 0 0 0 0 0 0 0 0
0 0 0 0 0 0 0 0 0 0 0 0 0 0 0 0 0
0 0 0 0 0 0 0 0 0 0 0 0 0 0 0 0 0
0 0 0 0 0 0 0 0 0 0 0 0 0 0 0 0 0

0 0 0 0 0 0 0 0 0 0 0 0 0 0 0 0 0
0 0 0 0 0 0 0 0 0 0 0 0 0 0 0 0 0
0 0 0 0 0 0 0 0 0 0 0 0 0 0 0 0 0
0 0 0 0 0 0 0 0 29 28 0 0 0 0 0 0 0
0 0 0 0 0 0 0 92 91 89 84 0 0 0 0 0 0
0 0 0 0 0 0 0 90 88 94 89 0 0 0 0 0 0
0 0 0 0 0 0 0 91 95 89 88 0 0 0 0 0 0
0 0 0 0 0 27 126 126 127 126 175 0 0 0 0 0 0
0 0 0 0 0 132 125 127 125 130 179 0 0 0 0 0 0
0 0 0 0 0 122 121 129 129 125 0 0 0 0 0 0 0
0 0 0 0 0 81 124 125 132 132 0 0 0 0 0 0 0
0 0 0 0 0 0 80 125 125 0 0 0 0 0 0 0 0
0 0 0 0 0 0 0 0 0 0 0 0 0 0 0 0 0
0 0 0 0 0 0 0 0 0 0 0 0 0 0 0 0 0
0 0 0 0 0 0 0 0 0 0 0 0 0 0 0 0 0
0 0 0 0 0 0 0 0 0 0 0 0 0 0 0 0 0
0 0 0 0 0 0 0 0 0 0 0 0 0 0 0 0 0

0 0 0 0 0 0 0 0 0 0 0 0 0 0 0 0 0
0 0 0 0 0 0 0 0 0 0 0 0 0 0 0 0 0
0 0 0 0 0 0 0 0 0 0 0 0 0 0 0 0 0
0 0 0 0 0 0 0 0 0 0 0 0 0 0 0 0 0
0 0 0 0 0 0 0 0 87 90 0 0 0 0 0 0 0
0 0 0 0 0 0 0 47 90 95 45 0 0 0 0 0 0
0 0 0 0 0 0 0 13 92 88 11 0 0 0 0 0 0
0 0 0 0 0 0 126 126 125 100 0 0 0 0 0 0 0
0 0 0 0 0 102 150 149 126 130 0 0 0 0 0 0 0
0 0 0 0 0 145 147 147 133 127 0 0 0 0 0 0 0
0 0 0 0 0 62 146 150 126 125 0 0 0 0 0 0 0
0 0 0 0 0 0 35 136 150 0 0 0 0 0 0 0 0
0 0 0 0 0 0 0 0 105 0 0 0 0 0 0 0 0
0 0 0 0 0 0 0 0 0 0 0 0 0 0 0 0 0
0 0 0 0 0 0 0 0 0 0 0 0 0 0 0 0 0
0 0 0 0 0 0 0 0 0 0 0 0 0 0 0 0 0
0 0 0 0 0 0 0 0 0 0 0 0 0 0 0 0 0

0 0 0 0 0 0 0 0 0 0 0 0 0 0 0 0 0
0 0 0 0 0 0 0 0 0 0 0 0 0 0 0 0 0
0 0 0 0 0 0 0 0 0 0 0 0 0 0 0 0 0
0 0 0 0 0 0 0 0 0 0 0 0 0 0 0 0 0
0 0 0 0 0 0 0 0 0 0 0 0 0 0 0 0 0
0 0 0 0 0 0 0 0 0 0 0 0 0 0 0 0 0
0 0 0 0 0 0 0 0 0 0 0 0 0 0 0 0 0
0 0 0 0 0 110 149 151 53 0 0 0 0 0 0 0 0
0 0 0 0 39 152 152 152 151 54 0 0 0 0 0 0 0
0 0 0 0 71 148 149 148 147 123 0 0 0 0 0 0 0
0 0 0 0 0 149 148 151 152 0 0 0 0 0 0 0 0
0 0 0 0 0 0 84 135 148 0 0 0 0 0 0 0 0
0 0 0 0 0 0 0 35 148 0 0 0 0 0 0 0 0
0 0 0 0 0 0 0 0 0 0 0 0 0 0 0 0 0
0 0 0 0 0 0 0 0 0 0 0 0 0 0 0 0 0
0 0 0 0 0 0 0 0 0 0 0 0 0 0 0 0 0
0 0 0 0 0 0 0 0 0 0 0 0 0 0 0 0 0

0 0 0 0 0 0 0 0 0 0 0 0 0 0 0 0 0
0 0 0 0 0 0 0 0 0 0 0 0 0 0 0 0 0
0 0 0 0 0 0 0 0 0 0 0 0 0 0 0 0 0
0 0 0 0 0 0 0 0 0 0 0 0 0 0 0 0 0
0 0 0 0 0 0 0 0 0 0 0 0 0 0 0 0 0
0 0 0 0 0 0 0 0 0 0 0 0 0 0 0 0 0
0 0 0 0 0 0 0 0 0 0 0 0 0 0 0 0 0
0 0 0 0 0 148 151 148 130 0 0 0 0 0 0 0 0
0 0 0 0 76 152 148 151 149 0 0 0 0 0 0 0 0
0 0 0 0 70 148 156 151 153 0 0 0 0 0 0 0 0
0 0 0 0 0 150 154 146 148 0 0 0 0 0 0 0 0
0 0 0 0 0 0 97 95 0 0 0 0 0 0 0 0 0
0 0 0 0 0 0 0 0 0 0 0 0 0 0 0 0 0
0 0 0 0 0 0 0 0 0 0 0 0 0 0 0 0 0
0 0 0 0 0 0 0 0 0 0 0 0 0 0 0 0 0
0 0 0 0 0 0 0 0 0 0 0 0 0 0 0 0 0
0 0 0 0 0 0 0 0 0 0 0 0 0 0 0 0 0

0 0 0 0 0 0 0 0 0 0 0 0 0 0 0 0 0
0 0 0 0 0 0 0 0 0 0 0 0 0 0 0 0 0
0 0 0 0 0 0 0 0 0 0 0 0 0 0 0 0 0
0 0 0 0 0 0 0 0 0 0 0 0 0 0 0 0 0
0 0 0 0 0 0 0 0 0 0 0 0 0 0 0 0 0
0 0 0 0 0 0 0 0 0 0 0 0 0 0 0 0 0
0 0 0 0 0 0 0 0 0 0 0 0 0 0 0 0 0
0 0 0 0 0 85 154 149 0 0 0 0 0 0 0 0 0
0 0 0 0 0 154 150 154 152 0 0 0 0 0 0 0 0
0 0 0 0 20 151 148 154 148 0 0 0 0 0 0 0 0
0 0 0 0 0 145 147 150 115 0 0 0 0 0 0 0 0
0 0 0 0 0 0 19 0 0 0 0 0 0 0 0 0 0
0 0 0 0 0 0 0 0 0 0 0 0 0 0 0 0 0
0 0 0 0 0 0 0 0 0 0 0 0 0 0 0 0 0
0 0 0 0 0 0 0 0 0 0 0 0 0 0 0 0 0
0 0 0 0 0 0 0 0 0 0 0 0 0 0 0 0 0
0 0 0 0 0 0 0 0 0 0 0 0 0 0 0 0 0

0 0 0 0 0 0 0 0 0 0 0 0 0 0 0 0 0
0 0 0 0 0 0 0 0 0 0 0 0 0 0 0 0 0
0 0 0 0 0 0 0 0 0 0 0 0 0 0 0 0 0
0 0 0 0 0 0 0 0 0 0 0 0 0 0 0 0 0
0 0 0 0 0 0 0 0 0 0 0 0 0 0 0 0 0
0 0 0 0 0 0 0 0 0 0 0 0 0 0 0 0 0
0 0 0 0 0 0 0 0 0 0 0 0 0 0 0 0 0
0 0 0 0 0 0 0 0 0 0 0 0 0 0 0 0 0
0 0 0 0 0 0 0 0 0 0 0 0 0 0 0 0 0
0 0 0 0 0 0 0 0 0 0 0 0 0 0 0 0 0
0 0 0 0 0 0 0 0 0 0 0 0 0 0 0 0 0
0 0 0 0 0 0 0 0 0 0 0 0 0 0 0 0 0
0 0 0 0 0 0 0 0 0 0 0 0 0 0 0 0 0
0 0 0 0 0 0 0 0 0 0 0 0 0 0 0 0 0
0 0 0 0 0 0 0 0 0 0 0 0 0 0 0 0 0
0 0 0 0 0 0 0 0 0 0 0 0 0 0 0 0 0
0 0 0 0 0 0 0 0 0 0 0 0 0 0 0 0 0

0 0 0 0 0 0 0 0 0 0 0 0 0 0 0 0 0
0 0 0 0 0 0 0 0 0 0 0 0 0 0 0 0 0
0 0 0 0 0 0 0 0 0 0 0 0 0 0 0 0 0
0 0 0 0 0 0 0 0 0 0 0 0 0 0 0 0 0
0 0 0 0 0 0 0 0 0 0 0 0 0 0 0 0 0
0 0 0 0 0 0 0 0 0 0 0 0 0 0 0 0 0
0 0 0 0 0 0 0 0 0 0 0 0 0 0 0 0 0
0 0 0 0 0 0 0 0 0 0 0 0 0 0 0 0 0
0 0 0 0 0 0 0 0 0 0 0 0 0 0 0 0 0
0 0 0 0 0 0 0 0 0 0 0 0 0 0 0 0 0
0 0 0 0 0 0 0 0 0 0 0 0 0 0 0 0 0
0 0 0 0 0 0 0 0 0 0 0 0 0 0 0 0 0
0 0 0 0 0 0 0 0 0 0 0 0 0 0 0 0 0
0 0 0 0 0 0 0 0 0 0 0 0 0 0 0 0 0
0 0 0 0 0 0 0 0 0 0 0 0 0 0 0 0 0
0 0 0 0 0 0 0 0 0 0 0 0 0 0 0 0 0
0 0 0 0 0 0 0 0 0 0 0 0 0 0 0 0 0

