0 0 0 0 0 0 0 0 0 0 0 0 0 0 0 0 0
0 0 0 0 0 0 0 0 0 0 0 0 0 0 0 0 0
0 0 0 0 0 0 0 0 0 0 0 0 0 0 0 0 0
0 0 0 0 0 0 0 0 0 0 0 0 0 0 0 0 0
0 0 0 0 0 0 0 0 0 0 0 0 0 0 0 0 0
0 0 0 0 0 0 0 0 0 0 0 0 0 0 0 0 0
0 0 0 0 0 0 0 0 0 0 0 0 0 0 0 0 0
0 0 0 0 0 0 0 0 0 0 0 0 0 0 0 0 0
0 0 0 0 0 0 0 0 0 0 0 0 0 0 0 0 0
0 0 0 0 0 0 0 0 0 0 0 0 0 0 0 0 0
0 0 0 0 0 0 0 0 0 0 0 0 0 0 0 0 0
0 0 0 0 0 0 0 0 0 0 0 0 0 0 0 0 0
0 0 0 0 0 0 0 0 0 0 0 0 0 0 0 0 0
0 0 0 0 0 0 0 0 0 0 0 0 0 0 0 0 0
0 0 0 0 0 0 0 0 0 0 0 0 0 0 0 0 0
0 0 0 0 0 0 0 0 0 0 0 0 0 0 0 0 0
0 0 0 0 0 0 0 0 0 0 0 0 0 0 0 0 0

0 0 0 0 0 0 0 0 0 0 0 0 0 0 0 0 0
0 0 0 0 0 0 0 0 0 0 0 0 0 0 0 0 0
0 0 0 0 0 0 0 0 0 0 0 0 0 0 0 0 0
0 0 0 0 0 0 0 0 0 0 0 0 0 0 0 0 0
0 0 0 0 0 0 0 0 0 0 0 0 0 0 0 0 0
0 0 0 0 0 0 0 0 0 0 0 0 0 0 0 0 0
0 0 0 0 0 0 0 0 0 0 0 0 0 0 0 0 0
0 0 0 0 0 0 0 0 0 0 0 0 0 0 0 0 0
0 0 0 0 0 0 0 0 0 0 0 0 0 0 0 0 0
0 0 0 0 0 0 0 0 0 0 0 0 0 0 0 0 0
0 0 0 0 0 0 0 0 0 0 0 0 0 0 0 0 0
0 0 0 0 0 0 0 0 0 0 0 0 0 0 0 0 0
0 0 0 0 0 0 0 0 0 0 0 0 0 0 0 0 0
0 0 0 0 0 0 0 0 0 0 0 0 0 0 0 0 0
0 0 0 0 0 0 0 0 0 0 0 0 0 0 0 0 0
0 0 0 0 0 0 0 0 0 0 0 0 0 0 0 0 0
0 0 0 0 0 0 0 0 0 0 0 0 0 0 0 0 0

0 0 0 0 0 0 0 0 0 0 0 0 0 0 0 0 0
0 0 0 0 0 0 0 0 0 0 0 0 0 0 0 0 0
0 0 0 0 0 0 0 0 0 0 0 0 0 0 0 0 0
0 0 0 0 0 0 0 0 0 0 0 0 0 0 0 0 0
0 0 0 0 0 0 0 0 0 0 0 0 0 0 0 0 0
0 0 0 0 0 0 0 0 0 0 0 0 0 0 0 0 0
0 0 0 0 0 0 0 0 0 0 0 0 0 0 0 0 0
0 0 0 0 0 0 0 0 0 0 0 0 0 0 0 0 0
0 0 0 0 0 0 0 0 0 0 0 0 0 0 0 0 0
0 0 0 0 0 0 0 0 0 0 0 0 0 0 0 0 0
0 0 0 0 0 0 0 0 0 0 0 0 0 0 0 0 0
0 0 0 0 0 0 0 0 0 0 0 0 0 0 0 0 0
0 0 0 0 0 0 0 0 0 0 0 0 0 0 0 0 0
0 0 0 0 0 0 0 0 0 0 0 0 0 0 0 0 0
0 0 0 0 0 0 0 0 0 0 0 0 0 0 0 0 0
0 0 0 0 0 0 0 0 0 0 0 0 0 0 0 0 0
0 0 0 0 0 0 0 0 0 0 0 0 0 0 0 0 0

0 0 0 0 0 0 0 0 0 0 0 0 0 0 0 0 0
0 0 0 0 0 0 0 0 0 0 0 0 0 0 0 0 0
0 0 0 0 0 0 0 0 0 0 0 0 0 0 0 0 0
0 0 0 0 0 0 0 0 0 0 0 0 0 0 0 0 0
0 0 0 0 0 0 0 0 0 0 0 0 0 0 0 0 0
0 0 0 0 0 0 0 0 0 0 0 0 0 0 0 0 0
0 0 0 0 0 0 0 0 0 0 0 0 0 0 0 0 0
0 0 0 0 0 0 0 0 0 0 0 0 0 0 0 0 0
0 0 0 0 0 0 0 0 0 0 0 0 0 0 0 0 0
0 0 0 0 0 0 0 0 0 0 0 0 0 0 0 0 0
0 0 0 0 0 0 0 0 0 0 0 0 0 0 0 0 0
0 0 0 0 0 0 0 0 0 0 0 0 0 0 0 0 0
0 0 0 0 0 0 0 0 0 0 0 0 0 0 0 0 0
0 0 0 0 0 0 0 0 0 0 0 0 0 0 0 0 0
0 0 0 0 0 0 0 0 0 0 0 0 0 0 0 0 0
0 0 0 0 0 0 0 0 0 0 0 0 0 0 0 0 0
0 0 0 0 0 0 0 0 0 0 0 0 0 0 0 0 0

0 0 0 0 0 0 0 0 0 0 0 0 0 0 0 0 0
0 0 0 0 0 0 0 0 0 0 0 0 0 0 0 0 0
0 0 0 0 0 0 0 0 0 0 0 0 0 0 0 0 0
0 0 0 0 0 0 0 0 0 0 0 0 0 0 0 0 0
0 0 0 0 0 0 0 0 0 0 0 0 0 0 0 0 0
0 0 0 0 0 0 0 0 0 0 0 0 0 0 0 0 0
0 0 0 0 0 51 35 0 0 0 0 0 0 0 0 0 0
0 0 0 0 186 191 146 68 0 0 0 0 0 0 0 0 0
0 0 0 78 191 172 118 159 0 0 0 0 0 0 0 0 0
0 0 0 26 124 179 178 133 0 0 0 0 0 0 0 0 0
0 0 0 0 101 163 87 41 0 0 0 0 0 0 0 0 0
0 0 0 0 0 49 107 70 25 0 0 0 0 0 0 0 0
0 0 0 0 0 44 71 37 44 0 0 0 0 0 0 0 0
0 0 0 0 0 -12 2 12 0 0 0 0 0 0 0 0 0
0 0 0 0 0 0 0 0 0 0 0 0 0 0 0 0 0
0 0 0 0 0 0 0 0 0 0 0 0 0 0 0 0 0
0 0 0 0 0 0 0 0 0 0 0 0 0 0 0 0 0

0 0 0 0 0 0 0 0 0 0 0 0 0 0 0 0 0
0 0 0 0 0 0 0 0 0 0 0 0 0 0 0 0 0
0 0 0 0 0 0 0 0 0 0 0 0 0 0 0 0 0
0 0 0 0 0 0 -2 22 0 0 0 0 0 0 0 0 0
0 0 0 0 0 19 74 36 -8 48 8 0 0 0 0 0 0
0 0 0 0 0 0 52 10 188 205 201 189 -22 0 0 0 0
0 0 0 0 150 189 145 85 189 169 199 222 89 0 0 0 0
0 0 0 159 192 162 156 203 188 205 188 209 190 0 0 0 0
0 0 0 167 172 189 145 175 163 190 178 190 115 0 0 0 0
0 0 0 154 153 173 76 93 115 219 178 140 0 0 0 0 0
0 0 0 142 158 90 75 75 56 12 0 0 0 0 0 0 0
0 0 0 0 62 55 27 52 72 11 0 0 0 0 0 0 0
0 0 0 0 38 36 54 77 45 3 0 0 0 0 0 0 0
0 0 0 0 37 50 99 82 77 29 0 0 0 0 0 0 0
0 0 0 0 0 26 39 31 20 0 0 0 0 0 0 0 0
0 0 0 0 0 0 0 0 0 0 0 0 0 0 0 0 0
0 0 0 0 0 0 0 0 0 0 0 0 0 0 0 0 0

0 0 0 0 0 0 0 0 0 0 0 0 0 0 0 0 0
0 0 0 0 0 0 0 0 0 0 0 0 0 0 0 0 0
0 0 0 0 0 0 16 23 0 0 0 0 0 0 0 0 0
0 0 0 0 0 14 1 37 29 0 0 0 0 0 0 0 0
0 0 0 0 0 13 13 19 172 179 184 187 30 0 0 0 0
0 0 0 0 27 68 13 197 213 178 178 229 206 0 0 0 0
0 0 0 -21 173 173 157 193 180 168 147 182 163 140 0 0 0
0 0 0 155 165 144 208 218 206 199 182 191 200 177 0 0 0
0 0 0 183 156 155 137 201 155 188 188 165 135 95 0 0 0
0 0 0 168 216 68 37 162 206 185 206 228 216 0 0 0 0
0 0 0 169 60 68 106 95 170 182 203 187 0 0 0 0 0
0 0 0 0 60 30 44 61 82 52 0 0 0 0 0 0 0
0 0 0 0 38 91 80 42 57 64 0 0 0 0 0 0 0
0 0 0 0 103 83 89 59 83 70 0 0 0 0 0 0 0
0 0 0 0 -4 97 98 64 80 0 0 0 0 0 0 0 0
0 0 0 0 0 0 0 0 0 0 0 0 0 0 0 0 0
0 0 0 0 0 0 0 0 0 0 0 0 0 0 0 0 0

0 0 0 0 0 0 0 0 0 0 0 0 0 0 0 0 0
0 0 0 0 0 0 0 0 0 0 0 0 0 0 0 0 0
0 0 0 0 0 0 -3 2 0 0 0 0 0 0 0 0 0
0 0 0 0 0 32 8 23 49 213 186 95 0 0 0 0 0
0 0 0 0 24 48 1 142 195 180 169 199 174 0 0 0 0
0 0 0 98 95 98 131 169 185 203 209 221 194 156 0 0 0
0 0 0 102 141 180 227 189 185 209 186 170 205 208 0 0 0
0 0 0 179 164 154 205 156 202 221 201 157 182 178 0 0 0
0 0 0 167 152 134 186 161 187 174 183 190 186 207 0 0 0
0 0 0 152 163 64 103 188 196 186 205 244 189 188 0 0 0
0 0 0 87 60 73 84 143 146 150 204 176 157 0 0 0 0
0 0 0 0 58 68 69 45 55 110 105 -11 0 0 0 0 0
0 0 0 0 61 96 76 43 73 44 0 0 0 0 0 0 0
0 0 0 0 60 65 91 92 74 70 0 0 0 0 0 0 0
0 0 0 0 -6 72 62 43 51 0 0 0 0 0 0 0 0
0 0 0 0 0 0 0 0 0 0 0 0 0 0 0 0 0
0 0 0 0 0 0 0 0 0 0 0 0 0 0 0 0 0

0 0 0 0 0 0 0 0 0 0 0 0 0 0 0 0 0
0 0 0 0 0 0 0 0 0 0 0 0 0 0 0 0 0
0 0 0 0 0 0 0 0 0 0 0 0 0 0 0 0 0
0 0 0 0 0 0 12 -21 175 173 224 164 0 0 0 0 0
0 0 0 14 95 57 28 167 224 207 184 158 145 75 0 0 0
0 0 0 102 60 90 185 182 175 199 183 198 197 184 0 0 0
0 0 0 56 94 165 154 197 180 224 193 170 183 181 0 0 0
0 0 0 82 161 165 210 193 145 171 203 174 223 202 0 0 0
0 0 0 130 172 190 190 198 197 176 199 175 177 172 0 0 0
0 0 0 81 148 66 167 213 184 173 203 217 184 185 0 0 0
0 0 0 0 75 36 75 200 222 177 177 155 214 0 0 0 0
0 0 0 0 18 57 42 64 90 157 176 197 0 0 0 0 0
0 0 0 0 96 57 54 46 67 61 0 0 0 0 0 0 0
0 0 0 0 43 67 29 86 103 82 0 0 0 0 0 0 0
0 0 0 0 18 53 81 84 69 0 0 0 0 0 0 0 0
0 0 0 0 0 0 0 0 0 0 0 0 0 0 0 0 0
0 0 0 0 0 0 0 0 0 0 0 0 0 0 0 0 0

0 0 0 0 0 0 0 0 0 0 0 0 0 0 0 0 0
0 0 0 0 0 0 0 0 0 0 0 0 0 0 0 0 0
0 0 0 0 0 0 0 0 0 0 0 0 0 0 0 0 0
0 0 0 0 0 0 0 0 154 190 176 195 0 0 0 0 0
0 0 0 37 102 70 90 206 169 176 191 189 178 78 0 0 0
0 0 0 92 45 71 215 207 233 200 180 195 169 172 0 0 0
0 0 0 104 79 54 181 195 178 151 172 150 185 180 0 0 0
0 0 0 63 96 88 158 202 154 191 215 185 171 204 0 0 0
0 0 0 0 85 114 178 207 177 160 156 198 196 180 0 0 0
0 0 0 0 -25 66 138 160 206 209 226 188 188 204 0 0 0
0 0 0 0 4 101 59 208 197 185 168 171 172 0 0 0 0
0 0 0 0 72 76 83 75 96 187 185 152 0 0 0 0 0
0 0 0 0 48 81 95 57 52 8 0 0 0 0 0 0 0
0 0 0 0 -15 89 25 78 67 0 0 0 0 0 0 0 0
0 0 0 0 0 29 26 10 0 0 0 0 0 0 0 0 0
0 0 0 0 0 0 0 0 0 0 0 0 0 0 0 0 0
0 0 0 0 0 0 0 0 0 0 0 0 0 0 0 0 0

0 0 0 0 0 0 0 0 0 0 0 0 0 0 0 0 0
0 0 0 0 0 0 0 0 0 0 0 0 0 0 0 0 0
0 0 0 0 0 0 0 0 0 0 0 0 0 0 0 0 0
0 0 0 179 206 219 0 0 0 122 221 138 0 0 0 0 0
0 0 0 223 237 229 0 170 185 195 159 219 148 0 0 0 0
0 0 0 107 194 213 170 183 213 200 180 201 178 187 0 0 0
0 0 0 73 94 94 182 199 187 241 204 196 214 161 0 0 0
0 0 0 0 101 99 205 176 205 193 206 177 167 189 0 0 0
0 0 0 0 0 0 160 234 191 202 203 175 173 192 0 0 0
0 0 0 0 0 0 52 194 167 163 176 213 175 168 0 0 0
0 0 0 0 0 0 0 136 221 240 180 188 150 0 0 0 0
0 0 0 0 0 1 9 57 0 75 162 14 0 0 0 0 0
0 0 0 0 0 5 67 64 0 0 0 0 0 0 0 0 0
0 0 0 0 0 0 0 0 0 0 0 0 0 0 0 0 0
0 0 0 0 0 0 0 0 0 0 0 0 0 0 0 0 0
0 0 0 0 0 0 0 0 0 0 0 0 0 0 0 0 0
0 0 0 0 0 0 0 0 0 0 0 0 0 0 0 0 0

0 0 0 0 0 0 0 0 0 0 0 0 0 0 0 0 0
0 0 0 0 0 0 0 0 0 0 0 0 0 0 0 0 0
0 0 0 0 0 0 0 0 0 0 0 0 0 0 0 0 0
0 0 0 193 255 219 0 0 0 0 0 0 0 0 0 0 0
0 0 0 251 188 222 8 -8 173 188 203 182 45 0 0 0 0
0 0 0 166 236 188 173 163 171 210 164 200 193 -6 0 0 0
0 0 0 0 0 31 179 188 176 153 215 194 186 172 0 0 0
0 0 0 0 0 14 200 173 238 194 199 195 193 205 0 0 0
0 0 0 0 0 0 163 193 209 191 164 201 130 160 0 0 0
0 0 0 0 0 0 0 171 199 185 172 160 170 0 0 0 0
0 0 0 0 0 0 0 0 135 212 170 176 15 0 0 0 0
0 0 0 0 0 0 0 0 0 0 0 0 0 0 0 0 0
0 0 0 0 0 0 0 0 0 0 0 0 0 0 0 0 0
0 0 0 0 0 0 0 0 0 0 0 0 0 0 0 0 0
0 0 0 0 0 0 0 0 0 0 0 0 0 0 0 0 0
0 0 0 0 0 0 0 0 0 0 0 0 0 0 0 0 0
0 0 0 0 0 0 0 0 0 0 0 0 0 0 0 0 0

0 0 0 0 0 0 0 0 0 0 0 0 0 0 0 0 0
0 0 0 0 0 0 0 0 0 0 0 0 0 0 0 0 0
0 0 0 0 0 0 0 0 0 0 0 0 0 0 0 0 0
0 0 0 0 208 91 0 0 0 0 0 0 0 0 0 0 0
0 0 0 104 186 191 0 0 0 43 68 0 0 0 0 0 0
0 0 0 0 96 0 0 0 168 191 184 188 19 0 0 0 0
0 0 0 0 0 0 169 210 196 166 200 188 123 0 0 0 0
0 0 0 0 0 0 134 176 154 206 173 169 213 0 0 0 0
0 0 0 0 0 0 0 11 149 214 202 180 141 0 0 0 0
0 0 0 0 0 0 0 0 144 208 194 171 0 0 0 0 0
0 0 0 0 0 0 0 0 0 0 0 0 0 0 0 0 0
0 0 0 0 0 0 0 0 0 0 0 0 0 0 0 0 0
0 0 0 0 0 0 0 0 0 0 0 0 0 0 0 0 0
0 0 0 0 0 0 0 0 0 0 0 0 0 0 0 0 0
0 0 0 0 0 0 0 0 0 0 0 0 0 0 0 0 0
0 0 0 0 0 0 0 0 0 0 0 0 0 0 0 0 0
0 0 0 0 0 0 0 0 0 0 0 0 0 0 0 0 0

0 0 0 0 0 0 0 0 0 0 0 0 0 0 0 0 0
0 0 0 0 0 0 0 0 0 0 0 0 0 0 0 0 0
0 0 0 0 0 0 0 0 0 0 0 0 0 0 0 0 0
0 0 0 0 0 0 0 0 0 0 0 0 0 0 0 0 0
0 0 0 0 0 0 0 0 0 0 0 0 0 0 0 0 0
0 0 0 0 0 0 0 0 0 0 0 0 0 0 0 0 0
0 0 0 0 0 0 0 0 0 0 0 0 0 0 0 0 0
0 0 0 0 0 0 0 0 0 0 0 0 0 0 0 0 0
0 0 0 0 0 0 0 0 0 0 0 0 0 0 0 0 0
0 0 0 0 0 0 0 0 0 0 0 0 0 0 0 0 0
0 0 0 0 0 0 0 0 0 0 0 0 0 0 0 0 0
0 0 0 0 0 0 0 0 0 0 0 0 0 0 0 0 0
0 0 0 0 0 0 0 0 0 0 0 0 0 0 0 0 0
0 0 0 0 0 0 0 0 0 0 0 0 0 0 0 0 0
0 0 0 0 0 0 0 0 0 0 0 0 0 0 0 0 0
0 0 0 0 0 0 0 0 0 0 0 0 0 0 0 0 0
0 0 0 0 0 0 0 0 0 0 0 0 0 0 0 0 0

0 0 0 0 0 0 0 0 0 0 0 0 0 0 0 0 0
0 0 0 0 0 0 0 0 0 0 0 0 0 0 0 0 0
0 0 0 0 0 0 0 0 0 0 0 0 0 0 0 0 0
0 0 0 0 0 0 0 0 0 0 0 0 0 0 0 0 0
0 0 0 0 0 0 0 0 0 0 0 0 0 0 0 0 0
0 0 0 0 0 0 0 0 0 0 0 0 0 0 0 0 0
0 0 0 0 0 0 0 0 0 0 0 0 0 0 0 0 0
0 0 0 0 0 0 0 0 0 0 0 0 0 0 0 0 0
0 0 0 0 0 0 0 0 0 0 0 0 0 0 0 0 0
0 0 0 0 0 0 0 0 0 0 0 0 0 0 0 0 0
0 0 0 0 0 0 0 0 0 0 0 0 0 0 0 0 0
0 0 0 0 0 0 0 0 0 0 0 0 0 0 0 0 0
0 0 0 0 0 0 0 0 0 0 0 0 0 0 0 0 0
0 0 0 0 0 0 0 0 0 0 0 0 0 0 0 0 0
0 0 0 0 0 0 0 0 0 0 0 0 0 0 0 0 0
0 0 0 0 0 0 0 0 0 0 0 0 0 0 0 0 0
0 0 0 0 0 0 0 0 0 0 0 0 0 0 0 0 0

0 0 0 0 0 0 0 0 0 0 0 0 0 0 0 0 0
0 0 0 0 0 0 0 0 0 0 0 0 0 0 0 0 0
0 0 0 0 0 0 0 0 0 0 0 0 0 0 0 0 0
0 0 0 0 0 0 0 0 0 0 0 0 0 0 0 0 0
0 0 0 0 0 0 0 0 0 0 0 0 0 0 0 0 0
0 0 0 0 0 0 0 0 0 0 0 0 0 0 0 0 0
0 0 0 0 0 0 0 0 0 0 0 0 0 0 0 0 0
0 0 0 0 0 0 0 0 0 0 0 0 0 0 0 0 0
0 0 0 0 0 0 0 0 0 0 0 0 0 0 0 0 0
0 0 0 0 0 0 0 0 0 0 0 0 0 0 0 0 0
0 0 0 0 0 0 0 0 0 0 0 0 0 0 0 0 0
0 0 0 0 0 0 0 0 0 0 0 0 0 0 0 0 0
0 0 0 0 0 0 0 0 0 0 0 0 0 0 0 0 0
0 0 0 0 0 0 0 0 0 0 0 0 0 0 0 0 0
0 0 0 0 0 0 0 0 0 0 0 0 0 0 0 0 0
0 0 0 0 0 0 0 0 0 0 0 0 0 0 0 0 0
0 0 0 0 0 0 0 0 0 0 0 0 0 0 0 0 0

0 0 0 0 0 0 0 0 0 0 0 0 0 0 0 0 0
0 0 0 0 0 0 0 0 0 0 0 0 0 0 0 0 0
0 0 0 0 0 0 0 0 0 0 0 0 0 0 0 0 0
0 0 0 0 0 0 0 0 0 0 0 0 0 0 0 0 0
0 0 0 0 0 0 0 0 0 0 0 0 0 0 0 0 0
0 0 0 0 0 0 0 0 0 0 0 0 0 0 0 0 0
0 0 0 0 0 0 0 0 0 0 0 0 0 0 0 0 0
0 0 0 0 0 0 0 0 0 0 0 0 0 0 0 0 0
0 0 0 0 0 0 0 0 0 0 0 0 0 0 0 0 0
0 0 0 0 0 0 0 0 0 0 0 0 0 0 0 0 0
0 0 0 0 0 0 0 0 0 0 0 0 0 0 0 0 0
0 0 0 0 0 0 0 0 0 0 0 0 0 0 0 0 0
0 0 0 0 0 0 0 0 0 0 0 0 0 0 0 0 0
0 0 0 0 0 0 0 0 0 0 0 0 0 0 0 0 0
0 0 0 0 0 0 0 0 0 0 0 0 0 0 0 0 0
0 0 0 0 0 0 0 0 0 0 0 0 0 0 0 0 0
0 0 0 0 0 0 0 0 0 0 0 0 0 0 0 0 0

