0 0 0 0 0 0 0 0 0 0 0 0 0 0 0 0 0
0 0 0 0 0 0 0 0 0 0 0 0 0 0 0 0 0
0 0 0 0 0 0 0 0 0 0 0 0 0 0 0 0 0
0 0 0 0 0 0 0 0 0 0 0 0 0 0 0 0 0
0 0 0 0 0 0 0 0 0 0 0 0 0 0 0 0 0
0 0 0 0 0 0 0 0 0 0 0 0 0 0 0 0 0
0 0 0 0 0 0 0 0 0 0 0 0 0 0 0 0 0
0 0 0 0 0 0 0 0 0 0 0 0 0 0 0 0 0
0 0 0 0 0 0 0 0 0 0 0 0 0 0 0 0 0
0 0 0 0 0 0 0 0 0 0 0 0 0 0 0 0 0
0 0 0 0 0 0 0 0 0 0 0 0 0 0 0 0 0
0 0 0 0 0 0 0 0 0 0 0 0 0 0 0 0 0
0 0 0 0 0 0 0 0 0 0 0 0 0 0 0 0 0
0 0 0 0 0 0 0 0 0 0 0 0 0 0 0 0 0
0 0 0 0 0 0 0 0 0 0 0 0 0 0 0 0 0
0 0 0 0 0 0 0 0 0 0 0 0 0 0 0 0 0
0 0 0 0 0 0 0 0 0 0 0 0 0 0 0 0 0

0 0 0 0 0 0 0 0 0 0 0 0 0 0 0 0 0
0 0 0 0 0 0 0 0 0 0 0 0 0 0 0 0 0
0 0 0 0 0 0 0 0 0 0 0 0 0 0 0 0 0
0 0 0 0 0 0 0 0 0 0 0 0 0 0 0 0 0
0 0 0 0 0 0 0 0 0 0 0 0 0 0 0 0 0
0 0 0 0 0 0 0 0 0 0 0 0 0 0 0 0 0
0 0 0 0 0 0 0 0 0 0 0 0 0 0 0 0 0
0 0 0 0 0 0 0 0 0 0 0 0 0 0 0 0 0
0 0 0 0 0 0 0 0 0 0 0 0 0 0 0 0 0
0 0 0 0 0 0 0 0 0 0 0 0 0 0 0 0 0
0 0 0 0 0 0 0 0 0 0 0 0 0 0 0 0 0
0 0 0 0 0 0 0 0 0 0 0 0 0 0 0 0 0
0 0 0 0 0 0 0 0 0 0 0 0 0 0 0 0 0
0 0 0 0 0 0 0 0 0 0 0 0 0 0 0 0 0
0 0 0 0 0 0 0 0 0 0 0 0 0 0 0 0 0
0 0 0 0 0 0 0 0 0 0 0 0 0 0 0 0 0
0 0 0 0 0 0 0 0 0 0 0 0 0 0 0 0 0

0 0 0 0 0 0 0 0 0 0 0 0 0 0 0 0 0
0 0 0 0 0 0 0 0 0 0 0 0 0 0 0 0 0
0 0 0 0 0 0 0 0 0 0 0 0 0 0 0 0 0
0 0 0 0 0 0 0 0 0 0 0 0 0 0 0 0 0
0 0 0 0 0 0 27 41 40 19 0 0 0 0 0 0 0
0 0 0 0 0 0 42 33 29 13 0 0 0 0 0 0 0
0 0 0 0 0 0 10 33 33 29 0 0 0 0 0 0 0
0 0 0 0 0 0 0 36 60 41 0 0 0 0 0 0 0
0 0 0 0 0 0 0 0 0 0 0 0 0 0 0 0 0
0 0 0 0 0 0 0 0 65 0 0 0 0 0 0 0 0
0 0 0 0 0 0 0 44 59 58 0 0 0 0 0 0 0
0 0 0 0 0 0 0 45 62 50 0 0 0 0 0 0 0
0 0 0 0 0 0 0 0 0 0 0 0 0 0 0 0 0
0 0 0 0 0 0 0 0 0 0 0 0 0 0 0 0 0
0 0 0 0 0 0 0 0 0 0 0 0 0 0 0 0 0
0 0 0 0 0 0 0 0 0 0 0 0 0 0 0 0 0
0 0 0 0 0 0 0 0 0 0 0 0 0 0 0 0 0

0 0 0 0 0 0 0 0 0 0 0 0 0 0 0 0 0
0 0 0 0 0 0 0 0 0 0 0 0 0 0 0 0 0
0 0 0 0 0 0 0 0 0 0 0 0 0 0 0 0 0
0 0 0 0 0 0 37 24 51 33 32 0 0 0 0 0 0
0 0 0 0 0 16 38 43 40 53 25 92 84 0 0 0 0
0 0 0 0 0 34 13 34 34 42 30 34 0 0 0 0 0
0 0 0 0 0 39 32 26 30 44 21 27 0 0 0 0 0
0 0 0 0 0 32 36 23 60 40 19 0 0 0 0 0 0
0 0 0 0 0 0 31 24 27 31 0 0 0 0 0 0 0
0 0 0 0 0 0 0 66 46 60 0 0 0 0 0 0 0
0 0 0 0 0 0 0 56 64 62 0 0 0 0 0 0 0
0 0 0 0 0 0 0 68 74 61 0 0 0 0 0 0 0
0 0 0 0 0 0 0 0 47 0 0 0 0 0 0 0 0
0 0 0 0 0 0 0 0 0 0 0 0 0 0 0 0 0
0 0 0 0 0 0 0 0 0 0 0 0 0 0 0 0 0
0 0 0 0 0 0 0 0 0 0 0 0 0 0 0 0 0
0 0 0 0 0 0 0 0 0 0 0 0 0 0 0 0 0

0 0 0 0 0 0 0 0 0 0 0 0 0 0 0 0 0
0 0 0 0 0 0 0 0 0 0 0 0 0 0 0 0 0
0 0 0 0 0 0 27 32 24 42 0 0 0 0 0 0 0
0 0 0 0 0 19 30 21 29 22 49 0 0 0 0 0 0
0 0 0 0 33 28 45 33 46 36 37 70 84 0 0 0 0
0 0 0 0 34 23 21 58 42 22 38 23 0 0 0 0 0
0 0 0 0 54 27 38 53 54 31 44 33 0 0 0 0 0
0 0 0 0 0 34 26 29 38 45 35 39 0 0 0 0 0
0 0 0 0 0 30 43 41 30 40 27 0 0 0 0 0 0
0 0 0 0 0 0 0 48 72 20 0 0 0 0 0 0 0
0 0 0 0 0 0 0 44 68 49 179 0 0 0 0 0 0
0 0 0 0 0 0 0 77 43 48 169 0 0 0 0 0 0
0 0 0 0 0 0 0 0 152 144 0 0 0 0 0 0 0
0 0 0 0 0 0 0 22 -2 0 0 0 0 0 0 0 0
0 0 0 0 0 0 0 4 8 0 0 0 0 0 0 0 0
0 0 0 0 0 0 0 0 0 0 0 0 0 0 0 0 0
0 0 0 0 0 0 0 0 0 0 0 0 0 0 0 0 0

0 0 0 0 0 0 0 0 0 0 0 0 0 0 0 0 0
0 0 0 0 0 0 0 0 109 0 0 0 0 0 0 0 0
0 0 0 0 0 42 35 38 94 90 23 0 0 0 0 0 0
0 0 0 0 0 19 48 33 40 34 11 20 0 0 0 0 0
0 0 0 0 27 36 27 39 56 45 43 26 0 0 0 0 0
0 0 0 0 38 32 47 9 16 26 35 40 0 0 0 0 0
0 0 0 0 23 35 10 24 38 32 38 15 0 0 0 0 0
0 0 0 0 26 30 30 33 19 26 48 35 0 0 0 0 0
0 0 0 0 0 25 17 40 41 18 32 28 0 0 0 0 0
0 0 0 0 0 0 53 28 38 18 157 0 0 0 0 0 0
0 0 0 0 0 0 168 147 156 167 169 146 0 0 0 0 0
0 0 0 0 0 0 153 164 143 142 147 163 0 0 0 0 0
0 0 0 0 0 0 173 15 5 147 172 0 0 0 0 0 0
0 0 0 0 0 0 0 5 -3 16 0 0 0 0 0 0 0
0 0 0 0 0 0 0 11 23 23 0 0 0 0 0 0 0
0 0 0 0 0 0 0 0 0 0 0 0 0 0 0 0 0
0 0 0 0 0 0 0 0 0 0 0 0 0 0 0 0 0

0 0 0 0 0 0 0 0 0 0 0 0 0 0 0 0 0
0 0 0 0 0 0 0 0 94 118 101 0 0 0 0 0 0
0 0 0 0 0 48 24 23 83 94 44 0 0 0 0 0 0
0 0 0 0 0 19 19 17 27 26 46 37 0 0 0 0 0
0 0 0 0 50 41 48 53 20 30 33 21 0 0 0 0 0
0 0 0 0 34 43 30 37 17 50 33 32 0 0 0 0 0
0 0 0 230 242 25 26 19 51 29 47 29 0 0 0 0 0
0 0 0 244 236 38 25 43 33 50 23 39 0 0 0 0 0
0 0 0 0 0 32 27 38 39 27 38 40 0 0 0 0 0
0 0 0 0 0 0 32 6 11 37 129 154 0 0 0 0 0
0 0 0 0 0 0 157 141 157 149 171 85 95 0 0 0 0
0 0 0 0 0 0 151 153 162 168 137 86 117 0 0 0 0
0 0 0 0 0 0 141 24 19 33 38 34 0 0 0 0 0
0 0 0 0 0 0 0 35 58 40 36 38 0 0 0 0 0
0 0 0 0 0 0 0 29 27 16 50 38 0 0 0 0 0
0 0 0 0 0 0 0 0 0 0 0 0 0 0 0 0 0
0 0 0 0 0 0 0 0 0 0 0 0 0 0 0 0 0

0 0 0 0 0 0 0 0 0 0 0 0 0 0 0 0 0
0 0 0 0 0 0 0 0 0 0 0 0 0 0 0 0 0
0 0 0 0 0 0 44 32 60 44 58 0 0 0 0 0 0
0 0 0 0 0 31 22 36 39 29 39 41 0 0 0 0 0
0 0 0 0 30 28 35 24 23 27 30 25 0 0 0 0 0
0 0 0 0 15 31 31 31 37 33 26 41 0 0 0 0 0
0 0 0 249 33 23 49 51 34 30 35 30 0 0 0 0 0
0 0 0 243 255 48 40 41 42 39 53 29 0 0 0 0 0
0 0 0 0 0 40 40 26 12 25 30 0 0 0 0 0 0
0 0 0 0 0 0 37 55 19 34 141 144 0 0 0 0 0
0 0 0 0 0 0 166 145 161 193 146 94 94 0 0 0 0
0 0 0 0 0 0 151 158 163 37 38 41 119 0 0 0 0
0 0 0 0 0 0 160 177 46 50 46 36 47 0 0 0 0
0 0 0 0 0 0 0 21 42 34 50 37 51 0 0 0 0
0 0 0 0 0 0 0 0 47 45 38 47 47 0 0 0 0
0 0 0 0 0 0 0 0 0 0 0 0 0 0 0 0 0
0 0 0 0 0 0 0 0 0 0 0 0 0 0 0 0 0

0 0 0 0 0 0 0 0 0 0 0 0 0 0 0 0 0
0 0 0 0 0 0 0 0 0 0 0 0 0 0 0 0 0
0 0 0 0 0 0 0 18 37 38 0 0 0 0 0 0 0
0 0 0 0 0 5 27 43 31 33 31 0 0 0 0 0 0
0 0 0 0 0 34 31 35 27 42 245 36 0 0 0 0 0
0 0 0 0 0 32 42 28 32 33 19 31 0 0 0 0 0
0 0 0 0 0 34 18 32 43 31 38 41 0 0 0 0 0
0 0 0 0 0 31 13 37 48 59 11 0 0 0 0 0 0
0 0 0 0 0 0 41 20 14 4 29 0 0 0 0 0 0
0 0 0 0 0 0 114 105 100 165 164 156 0 0 0 0 0
0 0 0 0 0 0 159 152 165 152 164 134 0 0 0 0 0
0 0 0 0 0 0 148 157 43 53 52 43 0 0 0 0 0
0 0 0 0 0 0 150 64 49 36 42 30 28 0 0 0 0
0 0 0 0 0 0 0 35 47 30 44 50 45 0 0 0 0
0 0 0 0 0 0 0 44 45 28 33 28 60 0 0 0 0
0 0 0 0 0 0 0 0 0 0 0 0 0 0 0 0 0
0 0 0 0 0 0 0 0 0 0 0 0 0 0 0 0 0

0 0 0 0 0 0 0 0 0 0 0 0 0 0 0 0 0
0 0 0 0 0 0 0 0 0 0 0 0 0 0 0 0 0
0 0 0 0 0 0 0 0 0 0 0 0 0 0 0 0 0
0 0 0 0 0 0 0 22 13 57 242 0 0 0 0 0 0
0 0 0 0 0 0 32 30 33 246 228 226 0 0 0 0 0
0 0 0 0 0 22 33 27 38 19 244 0 0 0 0 0 0
0 0 0 0 0 33 29 48 37 56 31 0 0 0 0 0 0
0 0 0 0 0 90 105 90 99 -2 0 0 0 0 0 0 0
0 0 0 0 0 94 84 89 85 112 0 0 0 0 0 0 0
0 0 0 0 0 93 85 83 89 152 147 0 0 0 0 0 0
0 0 0 0 0 0 160 155 148 165 150 0 0 0 0 0 0
0 0 0 0 0 0 0 152 45 28 33 43 0 0 0 0 0
0 0 0 0 0 0 0 141 44 37 33 44 37 0 0 0 0
0 0 0 0 0 0 0 11 36 26 22 33 29 0 0 0 0
0 0 0 0 0 0 0 48 40 32 41 34 39 0 0 0 0
0 0 0 0 0 0 0 0 0 0 0 0 0 0 0 0 0
0 0 0 0 0 0 0 0 0 0 0 0 0 0 0 0 0

0 0 0 0 0 0 0 0 0 0 0 0 0 0 0 0 0
0 0 0 0 0 0 0 0 0 0 0 0 0 0 0 0 0
0 0 0 0 0 0 0 0 0 0 0 0 0 0 0 0 0
0 0 0 0 0 0 0 0 0 0 242 0 0 0 0 0 0
0 0 0 0 0 0 0 0 0 243 249 234 0 0 0 0 0
0 0 0 0 0 0 0 0 0 0 238 0 0 0 0 0 0
0 0 0 0 0 85 98 88 86 0 0 0 0 0 0 0 0
0 0 0 0 82 73 76 91 99 103 0 0 0 0 0 0 0
0 0 0 0 94 97 81 84 96 91 0 0 0 0 0 0 0
0 0 0 0 91 83 96 87 92 90 103 0 0 0 0 0 0
0 0 0 0 0 189 95 84 93 144 125 0 0 0 0 0 0
0 0 0 0 168 174 0 0 54 57 42 0 0 0 0 0 0
0 0 0 0 0 0 0 0 35 47 35 59 0 0 0 0 0
0 0 0 0 0 0 0 0 38 35 28 40 36 0 0 0 0
0 0 0 0 0 0 0 0 48 42 34 47 28 0 0 0 0
0 0 0 0 0 0 0 0 0 0 0 0 0 0 0 0 0
0 0 0 0 0 0 0 0 0 0 0 0 0 0 0 0 0

0 0 0 0 0 0 0 0 0 0 0 0 0 0 0 0 0
0 0 0 0 0 0 0 0 0 0 0 0 0 0 0 0 0
0 0 0 0 0 0 0 0 0 0 0 0 0 0 0 0 0
0 0 0 0 0 0 0 0 0 0 0 0 0 0 0 0 0
0 0 0 0 0 0 0 0 0 0 0 0 0 0 0 0 0
0 0 0 0 0 0 83 95 0 0 0 0 0 0 0 0 0
0 0 0 0 0 77 84 102 101 88 0 0 0 0 0 0 0
0 0 0 0 107 63 74 79 75 77 0 0 0 0 0 0 0
0 0 0 0 92 104 103 109 90 86 0 0 0 0 0 0 0
0 0 0 0 57 91 98 109 87 105 0 0 0 0 0 0 0
0 0 0 0 179 193 91 96 105 95 0 0 0 0 0 0 0
0 0 0 0 176 189 94 78 0 0 0 0 0 0 0 0 0
0 0 0 0 0 0 0 0 0 0 45 0 0 0 0 0 0
0 0 0 0 0 0 0 0 0 46 51 33 0 0 0 0 0
0 0 0 0 0 0 0 0 0 42 12 0 0 0 0 0 0
0 0 0 0 0 0 0 0 0 0 0 0 0 0 0 0 0
0 0 0 0 0 0 0 0 0 0 0 0 0 0 0 0 0

0 0 0 0 0 0 0 0 0 0 0 0 0 0 0 0 0
0 0 0 0 0 0 0 0 0 0 0 0 0 0 0 0 0
0 0 0 0 0 0 0 0 0 0 0 0 0 0 0 0 0
0 0 0 0 0 0 0 0 0 0 0 0 0 0 0 0 0
0 0 0 0 0 0 0 0 0 0 0 0 0 0 0 0 0
0 0 0 0 0 0 83 76 84 0 0 0 0 0 0 0 0
0 0 0 0 0 95 63 91 92 77 0 0 0 0 0 0 0
0 0 0 0 85 100 92 77 88 98 0 0 0 0 0 0 0
0 0 0 0 80 96 80 105 104 82 0 0 0 0 0 0 0
0 0 0 0 92 97 102 95 80 80 0 0 0 0 0 0 0
0 0 0 0 0 112 90 77 84 83 0 0 0 0 0 0 0
0 0 0 0 0 0 80 97 83 0 0 0 0 0 0 0 0
0 0 0 0 0 0 0 0 0 0 0 0 0 0 0 0 0
0 0 0 0 0 0 0 0 0 0 0 0 0 0 0 0 0
0 0 0 0 0 0 0 0 0 0 0 0 0 0 0 0 0
0 0 0 0 0 0 0 0 0 0 0 0 0 0 0 0 0
0 0 0 0 0 0 0 0 0 0 0 0 0 0 0 0 0

0 0 0 0 0 0 0 0 0 0 0 0 0 0 0 0 0
0 0 0 0 0 0 0 0 0 0 0 0 0 0 0 0 0
0 0 0 0 0 0 0 0 0 0 0 0 0 0 0 0 0
0 0 0 0 0 0 0 0 0 0 0 0 0 0 0 0 0
0 0 0 0 0 0 0 28 51 40 0 0 0 0 0 0 0
0 0 0 0 0 0 58 30 54 31 0 0 0 0 0 0 0
0 0 0 0 0 84 55 15 53 22 0 0 0 0 0 0 0
0 0 0 0 76 114 79 44 36 72 0 0 0 0 0 0 0
0 0 0 0 88 99 82 108 87 74 0 0 0 0 0 0 0
0 0 0 0 94 82 97 84 79 99 0 0 0 0 0 0 0
0 0 0 0 0 68 97 96 105 0 0 0 0 0 0 0 0
0 0 0 0 0 0 0 66 0 0 0 0 0 0 0 0 0
0 0 0 0 0 0 0 0 0 0 0 0 0 0 0 0 0
0 0 0 0 0 0 0 0 0 0 0 0 0 0 0 0 0
0 0 0 0 0 0 0 0 0 0 0 0 0 0 0 0 0
0 0 0 0 0 0 0 0 0 0 0 0 0 0 0 0 0
0 0 0 0 0 0 0 0 0 0 0 0 0 0 0 0 0

0 0 0 0 0 0 0 0 0 0 0 0 0 0 0 0 0
0 0 0 0 0 0 0 0 0 0 0 0 0 0 0 0 0
0 0 0 0 0 0 0 0 0 0 0 0 0 0 0 0 0
0 0 0 0 0 0 0 0 0 0 0 0 0 0 0 0 0
0 0 0 0 0 0 58 26 30 17 0 0 0 0 0 0 0
0 0 0 0 0 0 33 32 30 44 41 0 0 0 0 0 0
0 0 0 0 0 0 37 24 47 56 31 0 0 0 0 0 0
0 0 0 0 0 105 41 33 50 1 0 0 0 0 0 0 0
0 0 0 0 0 93 86 79 79 98 0 0 0 0 0 0 0
0 0 0 0 0 65 87 86 93 0 0 0 0 0 0 0 0
0 0 0 0 0 0 114 87 0 0 0 0 0 0 0 0 0
0 0 0 0 0 0 0 0 0 0 0 0 0 0 0 0 0
0 0 0 0 0 0 0 0 0 0 0 0 0 0 0 0 0
0 0 0 0 0 0 0 0 0 0 0 0 0 0 0 0 0
0 0 0 0 0 0 0 0 0 0 0 0 0 0 0 0 0
0 0 0 0 0 0 0 0 0 0 0 0 0 0 0 0 0
0 0 0 0 0 0 0 0 0 0 0 0 0 0 0 0 0

0 0 0 0 0 0 0 0 0 0 0 0 0 0 0 0 0
0 0 0 0 0 0 0 0 0 0 0 0 0 0 0 0 0
0 0 0 0 0 0 0 0 0 0 0 0 0 0 0 0 0
0 0 0 0 0 0 0 0 0 0 0 0 0 0 0 0 0
0 0 0 0 0 0 0 0 0 0 0 0 0 0 0 0 0
0 0 0 0 0 0 0 0 0 0 0 0 0 0 0 0 0
0 0 0 0 0 0 0 0 0 0 0 0 0 0 0 0 0
0 0 0 0 0 0 0 0 0 0 0 0 0 0 0 0 0
0 0 0 0 0 0 0 0 0 0 0 0 0 0 0 0 0
0 0 0 0 0 0 0 0 0 0 0 0 0 0 0 0 0
0 0 0 0 0 0 0 0 0 0 0 0 0 0 0 0 0
0 0 0 0 0 0 0 0 0 0 0 0 0 0 0 0 0
0 0 0 0 0 0 0 0 0 0 0 0 0 0 0 0 0
0 0 0 0 0 0 0 0 0 0 0 0 0 0 0 0 0
0 0 0 0 0 0 0 0 0 0 0 0 0 0 0 0 0
0 0 0 0 0 0 0 0 0 0 0 0 0 0 0 0 0
0 0 0 0 0 0 0 0 0 0 0 0 0 0 0 0 0

0 0 0 0 0 0 0 0 0 0 0 0 0 0 0 0 0
0 0 0 0 0 0 0 0 0 0 0 0 0 0 0 0 0
0 0 0 0 0 0 0 0 0 0 0 0 0 0 0 0 0
0 0 0 0 0 0 0 0 0 0 0 0 0 0 0 0 0
0 0 0 0 0 0 0 0 0 0 0 0 0 0 0 0 0
0 0 0 0 0 0 0 0 0 0 0 0 0 0 0 0 0
0 0 0 0 0 0 0 0 0 0 0 0 0 0 0 0 0
0 0 0 0 0 0 0 0 0 0 0 0 0 0 0 0 0
0 0 0 0 0 0 0 0 0 0 0 0 0 0 0 0 0
0 0 0 0 0 0 0 0 0 0 0 0 0 0 0 0 0
0 0 0 0 0 0 0 0 0 0 0 0 0 0 0 0 0
0 0 0 0 0 0 0 0 0 0 0 0 0 0 0 0 0
0 0 0 0 0 0 0 0 0 0 0 0 0 0 0 0 0
0 0 0 0 0 0 0 0 0 0 0 0 0 0 0 0 0
0 0 0 0 0 0 0 0 0 0 0 0 0 0 0 0 0
0 0 0 0 0 0 0 0 0 0 0 0 0 0 0 0 0
0 0 0 0 0 0 0 0 0 0 0 0 0 0 0 0 0

