0 0 0 0 0 0 0 0 0 0 0 0 0 0 0 0 0
0 0 0 0 0 0 0 0 0 0 0 0 0 0 0 0 0
0 0 0 0 0 0 0 0 0 0 0 0 0 0 0 0 0
0 0 0 0 0 0 0 0 0 0 0 0 0 0 0 0 0
0 0 0 0 0 0 0 0 0 0 0 0 0 0 0 0 0
0 0 0 0 0 0 0 0 0 0 0 0 0 0 0 0 0
0 0 0 0 0 0 0 0 0 0 0 0 0 0 0 0 0
0 0 0 0 0 0 0 0 0 0 0 0 0 0 0 0 0
0 0 0 0 0 0 0 0 0 0 0 0 0 0 0 0 0
0 0 0 0 0 0 0 0 0 0 0 0 0 0 0 0 0
0 0 0 0 0 0 0 0 0 0 0 0 0 0 0 0 0
0 0 0 0 0 0 0 0 0 0 0 0 0 0 0 0 0
0 0 0 0 0 0 0 0 0 0 0 0 0 0 0 0 0
0 0 0 0 0 0 0 0 0 0 0 0 0 0 0 0 0
0 0 0 0 0 0 0 0 0 0 0 0 0 0 0 0 0
0 0 0 0 0 0 0 0 0 0 0 0 0 0 0 0 0
0 0 0 0 0 0 0 0 0 0 0 0 0 0 0 0 0

0 0 0 0 0 0 0 0 0 0 0 0 0 0 0 0 0
0 0 0 0 0 0 0 0 0 0 0 0 0 0 0 0 0
0 0 0 0 0 0 0 0 0 0 0 0 0 0 0 0 0
0 0 0 0 0 0 0 0 0 0 0 0 0 0 0 0 0
0 0 0 0 0 0 0 0 0 0 0 0 0 0 0 0 0
0 0 0 0 0 0 0 45 76 57 31 0 0 0 0 0 0
0 0 0 0 0 0 0 0 84 60 21 0 0 0 0 0 0
0 0 0 0 0 0 0 0 0 0 0 0 0 0 0 0 0
0 0 0 0 0 0 0 0 0 0 0 0 0 0 0 0 0
0 0 0 0 0 0 0 0 0 0 0 0 0 0 0 0 0
0 0 0 0 0 0 0 0 0 0 0 0 0 0 0 0 0
0 0 0 0 0 0 0 0 0 0 0 0 0 0 0 0 0
0 0 0 0 0 0 0 0 0 0 0 0 0 0 0 0 0
0 0 0 0 0 0 0 0 0 0 0 0 0 0 0 0 0
0 0 0 0 0 0 0 0 0 0 0 0 0 0 0 0 0
0 0 0 0 0 0 0 0 0 0 0 0 0 0 0 0 0
0 0 0 0 0 0 0 0 0 0 0 0 0 0 0 0 0

0 0 0 0 0 0 0 0 0 0 0 0 0 0 0 0 0
0 0 0 0 0 0 0 0 0 0 0 0 0 0 0 0 0
0 0 0 0 0 0 0 0 0 0 0 0 0 0 0 0 0
0 0 0 0 0 0 0 0 -4 32 0 0 0 0 0 0 0
0 0 0 0 0 0 0 85 68 112 84 -9 0 0 0 0 0
0 0 0 0 0 0 0 61 136 57 94 60 0 0 0 0 0
0 0 0 0 0 0 0 66 115 68 64 15 0 0 0 0 0
0 0 0 0 0 0 0 0 64 50 72 0 0 0 0 0 0
0 0 0 0 0 0 0 0 0 0 0 0 0 0 0 0 0
0 0 0 0 0 0 0 0 0 0 0 0 0 0 0 0 0
0 0 0 0 0 0 0 0 0 0 0 0 0 0 0 0 0
0 0 0 0 0 0 0 0 0 0 0 0 0 0 0 0 0
0 0 0 0 0 0 0 0 0 0 0 0 0 0 0 0 0
0 0 0 0 0 0 0 0 0 0 0 0 0 0 0 0 0
0 0 0 0 0 0 0 0 0 0 0 0 0 0 0 0 0
0 0 0 0 0 0 0 0 0 0 0 0 0 0 0 0 0
0 0 0 0 0 0 0 0 0 0 0 0 0 0 0 0 0

0 0 0 0 0 0 0 0 0 0 0 0 0 0 0 0 0
0 0 0 0 0 0 0 0 0 0 0 0 0 0 0 0 0
0 0 0 0 0 0 0 0 0 0 0 0 0 0 0 0 0
0 0 0 0 0 0 0 57 69 88 87 3 0 0 0 0 0
0 0 0 0 0 0 0 81 76 99 79 72 0 0 0 0 0
0 0 0 0 0 0 0 87 68 72 66 78 0 0 0 0 0
0 0 0 0 157 0 0 85 89 97 97 67 0 0 0 0 0
0 0 0 195 195 190 0 53 111 58 88 28 0 0 0 0 0
0 0 0 0 206 0 0 0 0 0 0 0 0 0 0 0 0
0 0 0 0 0 0 0 0 0 0 0 0 0 0 0 0 0
0 0 0 0 0 0 0 0 0 0 0 0 0 0 0 0 0
0 0 0 0 0 0 0 0 0 0 0 0 0 0 0 0 0
0 0 0 0 0 0 0 0 0 0 0 0 0 0 0 0 0
0 0 0 0 0 0 0 0 0 0 0 0 0 0 0 0 0
0 0 0 0 0 0 0 0 0 0 0 0 0 0 0 0 0
0 0 0 0 0 0 0 0 0 0 0 0 0 0 0 0 0
0 0 0 0 0 0 0 0 0 0 0 0 0 0 0 0 0

0 0 0 0 0 0 0 0 0 0 0 0 0 0 0 0 0
0 0 0 0 0 0 0 0 0 0 0 0 0 0 0 0 0
0 0 0 0 0 0 0 0 0 0 0 0 0 0 0 0 0
0 0 0 0 0 0 0 21 45 61 76 0 0 0 0 0 0
0 0 0 0 0 0 0 50 87 100 89 48 0 0 0 0 0
0 0 0 -9 128 -5 0 100 115 67 149 109 0 0 0 0 0
0 0 133 214 237 224 -2 125 70 75 105 29 0 0 0 0 0
0 0 250 249 202 238 128 61 58 99 51 0 0 0 0 0 0
0 0 114 177 227 221 18 0 0 99 138 0 0 0 0 0 0
0 0 0 150 218 181 0 0 0 117 0 0 0 0 0 0 0
0 0 0 0 0 0 0 0 0 0 0 0 0 0 0 0 0
0 0 0 0 0 0 0 0 0 0 0 0 0 0 0 0 0
0 0 0 0 0 0 0 0 0 0 0 0 0 0 0 0 0
0 0 0 0 0 0 0 0 0 0 0 0 0 0 0 0 0
0 0 0 0 0 0 0 0 0 0 0 0 0 0 0 0 0
0 0 0 0 0 0 0 0 0 0 0 0 0 0 0 0 0
0 0 0 0 0 0 0 0 0 0 0 0 0 0 0 0 0

0 0 0 0 0 0 0 0 0 0 0 0 0 0 0 0 0
0 0 0 0 0 0 0 0 0 0 0 0 0 0 0 0 0
0 0 0 0 0 0 0 0 0 0 0 0 0 0 0 0 0
0 0 0 0 0 0 0 0 96 88 0 0 0 0 0 0 0
0 0 0 0 0 0 0 50 71 82 83 8 0 0 0 0 0
0 0 0 196 255 218 0 91 75 60 127 100 0 0 0 0 0
0 0 243 222 196 209 197 79 66 98 81 -18 0 0 0 0 0
0 0 200 187 228 221 201 230 121 139 207 32 0 0 0 0 0
0 0 195 224 211 200 217 121 211 212 191 33 0 0 0 0 0
0 0 50 221 222 210 134 26 0 186 157 0 0 0 0 0 0
0 0 0 0 0 0 0 0 0 0 0 0 0 0 0 0 0
0 0 0 0 0 0 0 0 0 0 0 0 0 0 0 0 0
0 0 0 0 0 0 0 0 0 0 0 0 0 0 0 0 0
0 0 0 0 0 0 0 0 0 0 0 0 0 0 0 0 0
0 0 0 0 0 0 0 0 0 0 0 0 0 0 0 0 0
0 0 0 0 0 0 0 0 0 0 0 0 0 0 0 0 0
0 0 0 0 0 0 0 0 0 0 0 0 0 0 0 0 0

0 0 0 0 0 0 0 0 0 0 0 0 0 0 0 0 0
0 0 0 0 0 0 0 0 0 0 0 0 0 0 0 0 0
0 0 0 0 0 0 0 0 0 0 0 0 0 0 0 0 0
0 0 0 0 0 0 0 0 0 0 0 0 0 0 0 0 0
0 0 0 0 0 0 0 0 6 17 0 0 0 0 0 0 0
0 0 0 78 222 13 0 100 37 70 18 0 0 0 0 0 0
0 0 170 211 221 218 110 94 139 110 0 0 0 0 0 0 0
0 0 227 218 231 235 233 103 129 154 209 18 0 0 0 0 0
0 0 191 209 233 223 158 94 64 199 227 -9 0 0 0 0 0
0 0 -6 239 236 220 83 46 0 211 158 0 0 0 0 0 0
0 0 0 0 0 9 50 0 0 0 0 0 0 0 0 0 0
0 0 0 0 0 0 0 0 0 0 0 0 0 0 0 0 0
0 0 0 0 0 0 0 0 0 0 0 0 0 0 0 0 0
0 0 0 0 0 0 0 0 0 0 0 0 0 0 0 0 0
0 0 0 0 0 0 0 0 0 0 0 0 0 0 0 0 0
0 0 0 0 0 0 0 0 0 0 0 0 0 0 0 0 0
0 0 0 0 0 0 0 0 0 0 0 0 0 0 0 0 0

0 0 0 0 0 0 0 0 0 0 0 0 0 0 0 0 0
0 0 0 0 0 0 0 0 0 0 0 0 0 0 0 0 0
0 0 0 0 0 0 0 0 0 0 0 0 0 0 0 0 0
0 0 0 0 0 0 0 0 0 0 0 0 0 0 0 0 0
0 0 0 0 0 0 0 0 0 0 0 0 0 0 0 0 0
0 0 0 0 0 0 -13 41 108 63 0 0 0 0 0 0 0
0 0 0 189 212 220 80 97 89 135 0 0 0 0 0 0 0
0 0 47 191 228 225 54 104 96 155 58 0 0 0 0 0 0
0 0 21 228 235 185 120 113 132 73 132 0 0 0 0 0 0
0 0 0 19 123 71 100 107 19 0 1 0 0 0 0 0 0
0 0 0 0 0 23 87 5 0 0 0 0 0 0 0 0 0
0 0 0 0 0 0 0 0 0 0 0 0 0 0 0 0 0
0 0 0 0 0 0 0 0 0 0 0 0 0 0 0 0 0
0 0 0 0 0 0 0 0 0 0 0 0 0 0 0 0 0
0 0 0 0 0 0 0 0 0 0 0 0 0 0 0 0 0
0 0 0 0 0 0 0 0 0 0 0 0 0 0 0 0 0
0 0 0 0 0 0 0 0 0 0 0 0 0 0 0 0 0

0 0 0 0 0 0 0 0 0 0 0 0 0 0 0 0 0
0 0 0 0 0 0 0 0 0 0 0 0 0 0 0 0 0
0 0 0 0 0 0 0 0 0 0 0 0 0 0 0 0 0
0 0 0 0 0 0 0 0 0 0 0 0 0 0 0 0 0
0 0 0 0 0 0 0 81 25 18 0 0 0 0 0 0 0
0 0 0 0 0 0 54 57 76 120 0 0 0 0 0 0 0
0 0 0 0 0 80 55 101 229 169 218 0 0 0 0 0 0
0 0 0 0 92 45 45 154 218 196 208 0 0 0 0 0 0
0 0 0 0 93 63 101 59 230 -32 87 0 0 0 0 0 0
0 0 0 0 76 61 89 116 -27 9 8 -36 0 0 0 0 0
0 0 0 0 0 0 63 0 -3 -37 13 -24 0 0 0 0 0
0 0 0 0 0 0 0 0 -1 -62 24 0 0 0 0 0 0
0 0 0 0 0 0 0 185 163 158 0 0 0 0 0 0 0
0 0 0 0 0 0 0 134 205 188 0 0 0 0 0 0 0
0 0 0 0 0 0 0 -6 174 50 0 0 0 0 0 0 0
0 0 0 0 0 0 0 0 0 0 0 0 0 0 0 0 0
0 0 0 0 0 0 0 0 0 0 0 0 0 0 0 0 0

0 0 0 0 0 0 0 0 0 0 0 0 0 0 0 0 0
0 0 0 0 0 0 0 0 0 0 0 0 0 0 0 0 0
0 0 0 0 0 0 0 0 0 0 0 0 0 0 0 0 0
0 0 0 0 0 0 0 0 0 0 0 0 0 0 0 0 0
0 0 0 0 0 0 0 77 54 0 0 0 0 0 0 0 0
0 0 0 0 0 0 48 62 236 211 201 0 0 0 0 0 0
0 0 0 0 0 0 62 184 193 168 206 101 0 0 0 0 0
0 0 0 0 0 61 96 205 81 15 31 179 0 0 0 0 0
0 0 0 0 0 101 47 6 8 2 37 -16 0 0 0 0 0
0 0 0 0 43 -6 52 4 -3 -11 34 8 -11 0 0 0 0
0 0 0 0 0 0 0 -17 7 -33 22 -21 -65 0 0 0 0
0 0 0 0 0 0 0 -15 82 19 -31 -8 -32 0 0 0 0
0 0 0 0 0 0 0 161 161 159 -8 -31 0 0 0 0 0
0 0 0 0 0 0 0 130 155 166 0 0 0 0 0 0 0
0 0 0 0 0 0 0 110 128 77 0 0 0 0 0 0 0
0 0 0 0 0 0 0 0 0 0 0 0 0 0 0 0 0
0 0 0 0 0 0 0 0 0 0 0 0 0 0 0 0 0

0 0 0 0 0 0 0 0 0 0 0 0 0 0 0 0 0
0 0 0 0 0 0 0 0 0 0 0 0 0 0 0 0 0
0 0 0 0 0 0 0 0 0 0 0 0 0 0 0 0 0
0 0 0 0 0 0 0 0 0 0 0 0 0 0 0 0 0
0 0 0 0 0 0 0 30 50 0 0 0 0 0 0 0 0
0 0 0 0 0 0 21 63 198 215 242 0 0 0 0 0 0
0 0 0 0 0 0 41 209 201 200 231 178 0 0 0 0 0
0 0 0 0 0 0 0 54 1 -8 13 -25 0 0 0 0 0
0 0 0 0 0 0 -13 -42 19 -19 18 -16 -15 0 0 0 0
0 0 0 0 0 0 23 -4 41 -11 -30 -36 38 0 0 0 0
0 0 0 0 0 0 22 -27 -1 6 0 33 -30 0 0 0 0
0 0 0 0 0 0 11 -14 1 12 -21 9 -14 0 0 0 0
0 0 0 0 0 0 0 84 155 89 -22 -40 0 0 0 0 0
0 0 0 0 0 0 0 117 180 121 8 0 0 0 0 0 0
0 0 0 0 0 0 0 0 -1 0 0 0 0 0 0 0 0
0 0 0 0 0 0 0 0 0 0 0 0 0 0 0 0 0
0 0 0 0 0 0 0 0 0 0 0 0 0 0 0 0 0

0 0 0 0 0 0 0 0 0 0 0 0 0 0 0 0 0
0 0 0 0 0 0 0 0 0 0 0 0 0 0 0 0 0
0 0 0 0 0 0 0 0 0 0 0 0 0 0 0 0 0
0 0 0 0 0 0 0 0 0 0 0 0 0 0 0 0 0
0 0 0 0 0 0 0 0 0 0 0 0 0 0 0 0 0
0 0 0 0 0 0 0 0 56 187 -22 0 0 0 0 0 0
0 0 0 0 0 0 0 108 227 122 246 -13 0 0 0 0 0
0 0 0 0 0 0 0 9 9 -22 -56 51 0 0 0 0 0
0 0 0 0 0 0 6 -26 13 -8 3 8 12 0 0 0 0
0 0 0 0 0 0 -21 14 -20 2 -3 16 -9 0 0 0 0
0 0 0 0 0 0 -7 -23 41 -2 22 0 38 0 0 0 0
0 0 0 0 0 0 -10 -27 2 16 50 8 -27 0 0 0 0
0 0 0 0 0 0 0 37 24 -6 8 -6 -6 0 0 0 0
0 0 0 0 0 0 0 0 28 5 17 0 0 0 0 0 0
0 0 0 0 0 0 0 0 0 0 0 0 0 0 0 0 0
0 0 0 0 0 0 0 0 0 0 0 0 0 0 0 0 0
0 0 0 0 0 0 0 0 0 0 0 0 0 0 0 0 0

0 0 0 0 0 0 0 0 0 0 0 0 0 0 0 0 0
0 0 0 0 0 0 0 0 0 0 0 0 0 0 0 0 0
0 0 0 0 0 0 0 0 0 0 0 0 0 0 0 0 0
0 0 0 0 0 0 0 0 0 0 0 0 0 0 0 0 0
0 0 0 0 0 0 0 0 0 0 0 0 0 0 0 0 0
0 0 0 0 0 0 0 0 0 0 0 0 0 0 0 0 0
0 0 0 0 0 0 0 0 0 105 0 0 0 0 0 0 0
0 0 0 0 0 0 0 25 -18 -28 36 5 0 0 0 0 0
0 0 0 0 0 0 23 9 35 6 21 12 -5 0 0 0 0
0 0 0 0 0 0 4 -4 -2 16 67 15 44 0 0 0 0
0 0 0 0 0 0 -7 6 -1 1 37 12 -26 0 0 0 0
0 0 0 0 0 0 8 42 35 51 46 -19 36 0 0 0 0
0 0 0 0 0 0 0 1 6 6 -31 -1 0 0 0 0 0
0 0 0 0 0 0 0 0 -3 -13 -58 0 0 0 0 0 0
0 0 0 0 0 0 0 0 0 0 0 0 0 0 0 0 0
0 0 0 0 0 0 0 0 0 0 0 0 0 0 0 0 0
0 0 0 0 0 0 0 0 0 0 0 0 0 0 0 0 0

0 0 0 0 0 0 0 0 0 0 0 0 0 0 0 0 0
0 0 0 0 0 0 0 0 0 0 0 0 0 0 0 0 0
0 0 0 0 0 0 0 0 0 0 0 0 0 0 0 0 0
0 0 0 0 0 0 0 0 0 0 0 0 0 0 0 0 0
0 0 0 0 0 0 0 0 0 0 0 0 0 0 0 0 0
0 0 0 0 0 0 0 0 0 0 0 0 0 0 0 0 0
0 0 0 0 0 0 0 0 0 0 0 0 0 0 0 0 0
0 0 0 0 0 0 0 0 8 -3 4 -15 0 0 0 0 0
0 0 0 0 0 0 0 11 -19 2 -57 -57 0 0 0 0 0
0 0 0 0 0 0 0 -2 2 5 8 22 5 0 0 0 0
0 0 0 0 0 0 0 22 -24 18 2 -22 -14 0 0 0 0
0 0 0 0 0 0 0 17 33 28 -16 -15 29 0 0 0 0
0 0 0 0 0 0 0 21 31 9 4 0 0 0 0 0 0
0 0 0 0 0 0 0 0 0 0 0 0 0 0 0 0 0
0 0 0 0 0 0 0 0 0 0 0 0 0 0 0 0 0
0 0 0 0 0 0 0 0 0 0 0 0 0 0 0 0 0
0 0 0 0 0 0 0 0 0 0 0 0 0 0 0 0 0

0 0 0 0 0 0 0 0 0 0 0 0 0 0 0 0 0
0 0 0 0 0 0 0 0 0 0 0 0 0 0 0 0 0
0 0 0 0 0 0 0 0 0 0 0 0 0 0 0 0 0
0 0 0 0 0 0 0 0 0 0 0 0 0 0 0 0 0
0 0 0 0 0 0 0 0 0 0 0 0 0 0 0 0 0
0 0 0 0 0 0 0 0 0 0 0 0 0 0 0 0 0
0 0 0 0 0 0 0 0 0 0 0 0 0 0 0 0 0
0 0 0 0 0 0 0 0 0 0 0 0 0 0 0 0 0
0 0 0 0 0 0 0 0 24 36 15 0 0 0 0 0 0
0 0 0 0 0 0 0 22 33 24 -15 -27 0 0 0 0 0
0 0 0 0 0 0 0 -7 -2 5 17 -21 0 0 0 0 0
0 0 0 0 0 0 0 -7 -17 14 -7 20 0 0 0 0 0
0 0 0 0 0 0 0 0 0 -36 0 0 0 0 0 0 0
0 0 0 0 0 0 0 0 0 0 0 0 0 0 0 0 0
0 0 0 0 0 0 0 0 0 0 0 0 0 0 0 0 0
0 0 0 0 0 0 0 0 0 0 0 0 0 0 0 0 0
0 0 0 0 0 0 0 0 0 0 0 0 0 0 0 0 0

0 0 0 0 0 0 0 0 0 0 0 0 0 0 0 0 0
0 0 0 0 0 0 0 0 0 0 0 0 0 0 0 0 0
0 0 0 0 0 0 0 0 0 0 0 0 0 0 0 0 0
0 0 0 0 0 0 0 0 0 0 0 0 0 0 0 0 0
0 0 0 0 0 0 0 0 0 0 0 0 0 0 0 0 0
0 0 0 0 0 0 0 0 0 0 0 0 0 0 0 0 0
0 0 0 0 0 0 0 0 0 0 0 0 0 0 0 0 0
0 0 0 0 0 0 0 0 0 0 0 0 0 0 0 0 0
0 0 0 0 0 0 0 0 0 0 0 0 0 0 0 0 0
0 0 0 0 0 0 0 0 0 0 0 0 0 0 0 0 0
0 0 0 0 0 0 0 0 0 0 0 0 0 0 0 0 0
0 0 0 0 0 0 0 0 0 0 0 0 0 0 0 0 0
0 0 0 0 0 0 0 0 0 0 0 0 0 0 0 0 0
0 0 0 0 0 0 0 0 0 0 0 0 0 0 0 0 0
0 0 0 0 0 0 0 0 0 0 0 0 0 0 0 0 0
0 0 0 0 0 0 0 0 0 0 0 0 0 0 0 0 0
0 0 0 0 0 0 0 0 0 0 0 0 0 0 0 0 0

0 0 0 0 0 0 0 0 0 0 0 0 0 0 0 0 0
0 0 0 0 0 0 0 0 0 0 0 0 0 0 0 0 0
0 0 0 0 0 0 0 0 0 0 0 0 0 0 0 0 0
0 0 0 0 0 0 0 0 0 0 0 0 0 0 0 0 0
0 0 0 0 0 0 0 0 0 0 0 0 0 0 0 0 0
0 0 0 0 0 0 0 0 0 0 0 0 0 0 0 0 0
0 0 0 0 0 0 0 0 0 0 0 0 0 0 0 0 0
0 0 0 0 0 0 0 0 0 0 0 0 0 0 0 0 0
0 0 0 0 0 0 0 0 0 0 0 0 0 0 0 0 0
0 0 0 0 0 0 0 0 0 0 0 0 0 0 0 0 0
0 0 0 0 0 0 0 0 0 0 0 0 0 0 0 0 0
0 0 0 0 0 0 0 0 0 0 0 0 0 0 0 0 0
0 0 0 0 0 0 0 0 0 0 0 0 0 0 0 0 0
0 0 0 0 0 0 0 0 0 0 0 0 0 0 0 0 0
0 0 0 0 0 0 0 0 0 0 0 0 0 0 0 0 0
0 0 0 0 0 0 0 0 0 0 0 0 0 0 0 0 0
0 0 0 0 0 0 0 0 0 0 0 0 0 0 0 0 0

