0 0 0 0 0 0 0 0 0 0 0 0 0 0 0 0 0
0 0 0 0 0 0 0 0 0 0 0 0 0 0 0 0 0
0 0 0 0 0 0 0 0 0 0 0 0 0 0 0 0 0
0 0 0 0 0 0 0 0 0 0 0 0 0 0 0 0 0
0 0 0 0 0 0 0 0 0 0 0 0 0 0 0 0 0
0 0 0 0 0 0 0 0 0 0 0 0 0 0 0 0 0
0 0 0 0 0 0 0 0 0 0 0 0 0 0 0 0 0
0 0 0 0 0 0 0 0 0 0 0 0 0 0 0 0 0
0 0 0 0 0 0 0 0 0 0 0 0 0 0 0 0 0
0 0 0 0 0 0 0 0 0 0 0 0 0 0 0 0 0
0 0 0 0 0 0 0 0 0 0 0 0 0 0 0 0 0
0 0 0 0 0 0 0 0 0 0 0 0 0 0 0 0 0
0 0 0 0 0 0 0 0 0 0 0 0 0 0 0 0 0
0 0 0 0 0 0 0 0 0 0 0 0 0 0 0 0 0
0 0 0 0 0 0 0 0 0 0 0 0 0 0 0 0 0
0 0 0 0 0 0 0 0 0 0 0 0 0 0 0 0 0
0 0 0 0 0 0 0 0 0 0 0 0 0 0 0 0 0

0 0 0 0 0 0 0 0 0 0 0 0 0 0 0 0 0
0 0 0 0 0 0 0 0 0 0 0 0 0 0 0 0 0
0 0 0 0 0 0 0 0 0 0 0 0 0 0 0 0 0
0 0 0 0 0 0 0 0 0 0 0 0 0 0 0 0 0
0 0 0 0 0 0 0 0 0 0 0 0 0 0 0 0 0
0 0 0 0 0 0 0 0 0 0 0 0 0 0 0 0 0
0 0 0 0 0 0 0 0 0 0 0 0 0 0 0 0 0
0 0 0 0 0 0 0 0 0 0 0 0 0 0 0 0 0
0 0 0 0 0 0 0 0 0 0 0 0 0 0 0 0 0
0 0 0 0 0 0 0 0 0 0 0 0 0 0 0 0 0
0 0 0 0 0 0 0 0 0 0 0 0 0 0 0 0 0
0 0 0 0 0 0 0 0 0 0 0 0 0 0 0 0 0
0 0 0 0 0 0 0 0 0 0 0 0 0 0 0 0 0
0 0 0 0 0 0 0 0 0 0 0 0 0 0 0 0 0
0 0 0 0 0 0 0 0 0 0 0 0 0 0 0 0 0
0 0 0 0 0 0 0 0 0 0 0 0 0 0 0 0 0
0 0 0 0 0 0 0 0 0 0 0 0 0 0 0 0 0

0 0 0 0 0 0 0 0 0 0 0 0 0 0 0 0 0
0 0 0 0 0 0 0 0 0 0 0 0 0 0 0 0 0
0 0 0 0 0 0 0 0 0 0 0 0 0 0 0 0 0
0 0 0 0 0 0 0 0 0 0 0 0 0 0 0 0 0
0 0 0 0 0 0 0 0 0 0 0 0 0 0 0 0 0
0 0 0 0 0 0 0 0 0 0 0 0 0 0 0 0 0
0 0 0 0 0 0 0 0 0 0 0 0 0 0 0 0 0
0 0 0 0 0 0 0 0 0 0 0 0 0 0 0 0 0
0 0 0 0 0 0 0 0 0 0 0 0 0 0 0 0 0
0 0 0 0 0 0 0 0 0 0 0 0 0 0 0 0 0
0 0 0 0 0 0 0 0 0 0 0 0 0 0 0 0 0
0 0 0 0 0 0 0 0 0 0 0 0 0 0 0 0 0
0 0 0 0 0 0 0 0 0 0 0 0 0 0 0 0 0
0 0 0 0 0 0 0 0 0 0 0 0 0 0 0 0 0
0 0 0 0 0 0 0 0 0 0 0 0 0 0 0 0 0
0 0 0 0 0 0 0 0 0 0 0 0 0 0 0 0 0
0 0 0 0 0 0 0 0 0 0 0 0 0 0 0 0 0

0 0 0 0 0 0 0 0 0 0 0 0 0 0 0 0 0
0 0 0 0 0 0 0 0 0 0 0 0 0 0 0 0 0
0 0 0 0 0 0 0 0 0 0 0 0 0 0 0 0 0
0 0 0 0 0 0 0 0 0 0 0 0 0 0 0 0 0
0 0 0 0 -5 0 0 0 0 0 0 0 0 0 0 0 0
0 0 0 0 0 0 0 0 0 0 0 0 0 0 0 0 0
0 0 0 0 0 0 0 0 0 0 0 0 0 0 0 0 0
0 0 0 0 0 0 0 0 0 0 0 0 0 0 0 0 0
0 0 0 0 0 0 0 0 0 0 0 0 0 0 0 0 0
0 0 0 0 0 0 0 0 0 0 0 0 0 0 0 0 0
0 0 0 0 0 0 0 0 0 0 0 0 0 0 0 0 0
0 0 0 0 0 0 0 0 0 0 0 0 0 0 0 0 0
0 0 0 0 0 0 0 0 0 0 0 0 0 0 0 0 0
0 0 0 0 0 0 0 0 0 0 0 0 0 0 0 0 0
0 0 0 0 0 0 0 0 0 0 0 0 0 0 0 0 0
0 0 0 0 0 0 0 0 0 0 0 0 0 0 0 0 0
0 0 0 0 0 0 0 0 0 0 0 0 0 0 0 0 0

0 0 0 0 0 0 0 0 0 0 0 0 0 0 0 0 0
0 0 0 0 0 0 0 0 0 0 0 0 0 0 0 0 0
0 0 0 0 0 -9 0 0 0 0 0 0 0 0 0 0 0
0 0 0 0 40 18 -6 0 0 0 0 0 0 0 0 0 0
0 0 0 66 9 68 16 0 0 0 0 0 0 0 0 0 0
0 0 0 26 18 41 0 0 0 0 0 0 0 0 0 0 0
0 0 0 0 9 6 0 0 0 25 0 0 0 0 0 0 0
0 0 0 0 0 0 0 0 123 165 133 -3 0 0 0 0 0
0 0 0 0 0 0 0 70 172 164 149 171 0 0 0 0 0
0 0 0 0 0 0 0 26 191 152 139 52 0 0 0 0 0
0 0 0 0 0 0 0 0 85 176 118 0 0 0 0 0 0
0 0 0 0 0 0 0 0 0 0 0 0 0 0 0 0 0
0 0 0 0 0 0 0 0 0 0 0 0 0 0 0 0 0
0 0 0 0 0 0 0 0 0 0 0 0 0 0 0 0 0
0 0 0 0 0 0 0 0 0 0 0 0 0 0 0 0 0
0 0 0 0 0 0 0 0 0 0 0 0 0 0 0 0 0
0 0 0 0 0 0 0 0 0 0 0 0 0 0 0 0 0

0 0 0 0 0 0 0 0 0 0 0 0 0 0 0 0 0
0 0 0 0 0 0 0 0 0 0 0 0 0 0 0 0 0
0 0 0 0 54 51 7 0 0 0 0 0 0 0 0 0 0
0 0 0 42 49 43 41 5 0 0 0 0 0 0 0 0 0
0 0 13 14 68 27 16 214 208 25 0 0 0 0 0 0 0
0 0 44 4 45 16 16 222 225 69 0 0 0 0 0 0 0
0 0 0 60 -3 24 168 213 255 153 172 0 0 0 0 0 0
0 0 0 0 0 0 0 167 153 169 172 175 0 0 0 0 0
0 0 0 0 0 0 0 171 156 122 137 128 0 0 0 0 0
0 0 0 0 0 0 0 158 149 139 156 134 0 0 0 0 0
0 0 0 0 0 0 0 69 132 172 178 120 0 0 0 0 0
0 0 0 0 0 0 0 0 0 27 19 0 0 0 0 0 0
0 0 0 0 0 0 0 0 0 0 0 0 0 0 0 0 0
0 0 0 0 0 0 0 0 0 0 0 0 0 0 0 0 0
0 0 0 0 0 0 0 0 0 0 0 0 0 0 0 0 0
0 0 0 0 0 0 0 0 0 0 0 0 0 0 0 0 0
0 0 0 0 0 0 0 0 0 0 0 0 0 0 0 0 0

0 0 0 0 0 0 0 0 0 0 0 0 0 0 0 0 0
0 0 0 0 0 0 0 0 0 0 0 0 0 0 0 0 0
0 0 0 0 28 40 53 0 0 0 0 0 0 0 0 0 0
0 0 0 30 34 46 32 255 218 0 0 0 0 0 0 0 0
0 0 21 26 54 30 35 204 217 217 0 0 0 0 0 0 0
0 0 -6 2 16 13 34 215 230 237 0 0 0 0 0 0 0
0 0 -36 32 54 17 167 245 207 238 150 7 0 0 0 0 0
0 0 0 0 0 0 182 245 181 134 125 185 0 0 0 0 0
0 0 0 88 84 75 0 101 110 181 165 119 0 0 0 0 0
0 0 0 43 105 117 36 168 119 141 171 154 0 0 0 0 0
0 0 0 0 89 79 0 57 149 164 151 119 0 0 0 0 0
0 0 0 0 0 0 0 0 24 53 20 0 0 0 0 0 0
0 0 0 0 0 0 0 0 33 125 99 0 0 0 0 0 0
0 0 0 0 0 0 0 0 82 137 117 0 0 0 0 0 0
0 0 0 0 0 0 0 0 0 32 0 0 0 0 0 0 0
0 0 0 0 0 0 0 0 0 0 0 0 0 0 0 0 0
0 0 0 0 0 0 0 0 0 0 0 0 0 0 0 0 0

0 0 0 0 0 0 0 0 0 0 0 0 0 0 0 0 0
0 0 0 0 0 0 0 0 0 0 0 0 0 0 0 0 0
0 0 0 5 43 65 27 1 0 0 0 0 0 0 0 0 0
0 0 10 21 0 5 22 218 181 193 0 0 0 0 0 0 0
0 0 8 57 70 16 36 215 213 228 0 0 0 0 0 0 0
0 0 13 11 60 33 42 203 196 222 51 0 0 0 0 0 0
0 0 0 -20 24 36 242 203 215 210 105 0 0 0 0 0 0
0 0 0 0 53 28 244 230 206 192 135 126 54 0 0 0 0
0 0 0 92 94 113 79 175 110 189 106 124 141 0 0 0 0
0 0 0 98 103 96 91 168 152 149 102 137 102 13 0 0 0
0 0 0 86 107 78 62 103 156 144 148 119 73 0 0 0 0
0 0 0 0 0 -15 81 28 55 145 136 63 0 0 0 0 0
0 0 0 0 0 0 0 0 97 82 120 80 0 0 0 0 0
0 0 0 0 0 0 0 0 115 137 134 -8 0 0 0 0 0
0 0 0 0 0 0 0 0 0 10 0 0 0 0 0 0 0
0 0 0 0 0 0 0 0 0 0 0 0 0 0 0 0 0
0 0 0 0 0 0 0 0 0 0 0 0 0 0 0 0 0

0 0 0 0 0 0 0 0 0 0 0 0 0 0 0 0 0
0 0 0 0 0 0 0 0 0 0 0 0 0 0 0 0 0
0 0 0 0 42 0 0 0 0 0 0 0 0 0 0 0 0
0 0 0 34 12 46 233 237 227 90 0 0 0 0 0 0 0
0 0 0 31 25 28 222 235 211 224 0 0 0 0 0 0 0
0 0 0 26 -2 46 166 232 247 231 0 0 0 0 0 0 0
0 0 0 0 0 217 213 197 191 249 0 107 0 0 0 0 0
0 0 0 0 29 16 201 173 213 163 112 121 140 33 0 0 0
0 0 0 105 85 106 7 0 135 105 85 112 148 91 0 0 0
0 0 0 127 67 111 90 76 154 134 117 118 70 143 0 0 0
0 0 0 0 87 81 67 67 104 165 193 157 130 69 0 0 0
0 0 0 0 0 30 55 102 143 154 169 150 88 0 0 0 0
0 0 0 0 0 0 0 0 165 170 151 151 52 0 0 0 0
0 0 0 0 0 0 0 0 162 141 166 164 0 0 0 0 0
0 0 0 0 0 0 0 0 0 151 140 43 0 0 0 0 0
0 0 0 0 0 0 0 0 0 0 0 0 0 0 0 0 0
0 0 0 0 0 0 0 0 0 0 0 0 0 0 0 0 0

0 0 0 0 0 0 0 0 0 0 0 0 0 0 0 0 0
0 0 0 0 0 0 0 0 0 0 0 0 0 0 0 0 0
0 0 0 0 0 0 0 0 0 0 0 0 0 0 0 0 0
0 0 0 0 0 0 0 188 74 0 0 0 0 0 0 0 0
0 0 0 0 0 13 233 239 221 84 0 0 0 0 0 0 0
0 0 0 0 0 94 243 193 226 233 0 0 0 0 0 0 0
0 0 0 0 0 -28 218 214 193 78 76 102 70 0 0 0 0
0 0 0 0 0 0 76 188 41 94 103 125 94 117 0 0 0
0 0 0 0 47 34 137 142 140 120 144 117 134 104 0 0 0
0 0 0 0 56 46 122 150 147 107 141 145 139 92 0 0 0
0 0 0 0 0 75 169 122 157 132 132 138 104 145 0 0 0
0 0 0 0 0 210 201 155 156 200 175 146 158 0 0 0 0
0 0 0 0 0 66 177 98 167 130 144 160 134 0 0 0 0
0 0 0 0 0 0 0 36 161 177 145 129 146 0 0 0 0
0 0 0 0 0 0 0 0 15 163 190 143 0 0 0 0 0
0 0 0 0 0 0 0 0 0 0 0 0 0 0 0 0 0
0 0 0 0 0 0 0 0 0 0 0 0 0 0 0 0 0

0 0 0 0 0 0 0 0 0 0 0 0 0 0 0 0 0
0 0 0 0 0 0 0 0 0 0 0 0 0 0 0 0 0
0 0 0 0 0 0 0 0 0 0 0 0 0 0 0 0 0
0 0 0 0 0 0 0 0 0 0 0 0 0 0 0 0 0
0 0 0 0 0 0 0 0 0 0 0 0 0 0 0 0 0
0 0 0 0 0 0 0 57 0 0 0 0 0 0 0 0 0
0 0 0 0 0 0 0 0 0 0 -11 85 38 0 0 0 0
0 0 0 0 0 20 126 91 146 63 125 106 109 105 0 0 0
0 0 0 0 0 142 140 132 136 116 116 120 93 106 0 0 0
0 0 0 0 0 134 160 125 136 118 90 118 119 99 0 0 0
0 0 0 0 0 198 207 187 157 137 130 143 122 79 0 0 0
0 0 0 0 71 164 232 223 120 174 172 187 182 0 0 0 0
0 0 0 0 0 188 213 212 151 127 163 132 169 0 0 0 0
0 0 0 0 0 0 0 0 136 150 176 131 77 0 0 0 0
0 0 0 0 0 0 0 0 28 126 167 142 0 0 0 0 0
0 0 0 0 0 0 0 0 0 0 0 0 0 0 0 0 0
0 0 0 0 0 0 0 0 0 0 0 0 0 0 0 0 0

0 0 0 0 0 0 0 0 0 0 0 0 0 0 0 0 0
0 0 0 0 0 0 0 0 0 0 0 0 0 0 0 0 0
0 0 0 0 0 0 0 0 0 0 0 0 0 0 0 0 0
0 0 0 0 0 0 0 0 0 0 0 0 0 0 0 0 0
0 0 0 0 0 0 0 0 0 0 0 0 0 0 0 0 0
0 0 0 0 0 0 0 0 0 0 0 0 0 0 0 0 0
0 0 0 0 0 0 0 0 0 0 0 0 0 0 0 0 0
0 0 0 0 0 0 107 165 117 0 32 132 95 0 0 0 0
0 0 0 0 0 90 93 100 115 72 106 124 121 22 0 0 0
0 0 0 0 0 126 130 141 122 56 132 160 126 64 0 0 0
0 0 0 0 0 207 187 130 121 116 153 132 104 0 0 0 0
0 0 0 0 0 216 211 204 168 192 161 178 -16 0 0 0 0
0 0 0 0 0 195 246 79 149 187 110 187 48 0 0 0 0
0 0 0 0 0 0 0 0 168 167 150 138 0 0 0 0 0
0 0 0 0 0 0 0 0 0 75 71 29 0 0 0 0 0
0 0 0 0 0 0 0 0 0 0 0 0 0 0 0 0 0
0 0 0 0 0 0 0 0 0 0 0 0 0 0 0 0 0

0 0 0 0 0 0 0 0 0 0 0 0 0 0 0 0 0
0 0 0 0 0 0 0 0 0 0 0 0 0 0 0 0 0
0 0 0 0 0 0 0 0 0 0 0 0 0 0 0 0 0
0 0 0 0 0 0 0 0 0 0 0 0 0 0 0 0 0
0 0 0 0 0 0 0 0 0 0 0 0 0 0 0 0 0
0 0 0 0 0 0 0 0 0 0 0 0 0 0 0 0 0
0 0 0 0 0 0 0 0 0 0 0 0 0 0 0 0 0
0 0 0 0 0 0 0 55 0 0 0 0 0 0 0 0 0
0 0 0 0 0 0 112 75 69 0 0 0 0 0 0 0 0
0 0 0 0 0 0 120 137 63 0 0 0 0 0 0 0 0
0 0 0 0 0 0 0 89 0 0 0 0 0 0 0 0 0
0 0 0 0 0 0 12 0 0 58 60 0 0 0 0 0 0
0 0 0 0 0 0 0 0 0 85 59 -2 0 0 0 0 0
0 0 0 0 0 0 0 0 0 0 44 0 0 0 0 0 0
0 0 0 0 0 0 0 0 0 0 0 0 0 0 0 0 0
0 0 0 0 0 0 0 0 0 0 0 0 0 0 0 0 0
0 0 0 0 0 0 0 0 0 0 0 0 0 0 0 0 0

0 0 0 0 0 0 0 0 0 0 0 0 0 0 0 0 0
0 0 0 0 0 0 0 0 0 0 0 0 0 0 0 0 0
0 0 0 0 0 0 0 0 0 0 0 0 0 0 0 0 0
0 0 0 0 0 0 0 0 0 0 0 0 0 0 0 0 0
0 0 0 0 0 0 0 0 0 0 0 0 0 0 0 0 0
0 0 0 0 0 0 0 0 0 0 0 0 0 0 0 0 0
0 0 0 0 0 0 0 0 0 0 0 0 0 0 0 0 0
0 0 0 0 0 0 0 0 0 0 0 0 0 0 0 0 0
0 0 0 0 0 0 0 0 0 0 0 0 0 0 0 0 0
0 0 0 0 0 0 0 0 0 0 0 0 0 0 0 0 0
0 0 0 0 0 0 0 0 0 0 0 0 0 0 0 0 0
0 0 0 0 0 0 0 0 0 0 0 0 0 0 0 0 0
0 0 0 0 0 0 0 0 0 0 0 0 0 0 0 0 0
0 0 0 0 0 0 0 0 0 0 0 0 0 0 0 0 0
0 0 0 0 0 0 0 0 0 0 0 0 0 0 0 0 0
0 0 0 0 0 0 0 0 0 0 0 0 0 0 0 0 0
0 0 0 0 0 0 0 0 0 0 0 0 0 0 0 0 0

0 0 0 0 0 0 0 0 0 0 0 0 0 0 0 0 0
0 0 0 0 0 0 0 0 0 0 0 0 0 0 0 0 0
0 0 0 0 0 0 0 0 0 0 0 0 0 0 0 0 0
0 0 0 0 0 0 0 0 0 0 0 0 0 0 0 0 0
0 0 0 0 0 0 0 0 0 0 0 0 0 0 0 0 0
0 0 0 0 0 0 0 0 0 0 0 0 0 0 0 0 0
0 0 0 0 0 0 0 0 0 0 0 0 0 0 0 0 0
0 0 0 0 0 0 0 0 0 0 0 0 0 0 0 0 0
0 0 0 0 0 0 0 0 0 0 0 0 0 0 0 0 0
0 0 0 0 0 0 0 0 0 0 0 0 0 0 0 0 0
0 0 0 0 0 0 0 0 0 0 0 0 0 0 0 0 0
0 0 0 0 0 0 0 0 0 0 0 0 0 0 0 0 0
0 0 0 0 0 0 0 0 0 0 0 0 0 0 0 0 0
0 0 0 0 0 0 0 0 0 0 0 0 0 0 0 0 0
0 0 0 0 0 0 0 0 0 0 0 0 0 0 0 0 0
0 0 0 0 0 0 0 0 0 0 0 0 0 0 0 0 0
0 0 0 0 0 0 0 0 0 0 0 0 0 0 0 0 0

0 0 0 0 0 0 0 0 0 0 0 0 0 0 0 0 0
0 0 0 0 0 0 0 0 0 0 0 0 0 0 0 0 0
0 0 0 0 0 0 0 0 0 0 0 0 0 0 0 0 0
0 0 0 0 0 0 0 0 0 0 0 0 0 0 0 0 0
0 0 0 0 0 0 0 0 0 0 0 0 0 0 0 0 0
0 0 0 0 0 0 0 0 0 0 0 0 0 0 0 0 0
0 0 0 0 0 0 0 0 0 0 0 0 0 0 0 0 0
0 0 0 0 0 0 0 0 0 0 0 0 0 0 0 0 0
0 0 0 0 0 0 0 0 0 0 0 0 0 0 0 0 0
0 0 0 0 0 0 0 0 0 0 0 0 0 0 0 0 0
0 0 0 0 0 0 0 0 0 0 0 0 0 0 0 0 0
0 0 0 0 0 0 0 0 0 0 0 0 0 0 0 0 0
0 0 0 0 0 0 0 0 0 0 0 0 0 0 0 0 0
0 0 0 0 0 0 0 0 0 0 0 0 0 0 0 0 0
0 0 0 0 0 0 0 0 0 0 0 0 0 0 0 0 0
0 0 0 0 0 0 0 0 0 0 0 0 0 0 0 0 0
0 0 0 0 0 0 0 0 0 0 0 0 0 0 0 0 0

0 0 0 0 0 0 0 0 0 0 0 0 0 0 0 0 0
0 0 0 0 0 0 0 0 0 0 0 0 0 0 0 0 0
0 0 0 0 0 0 0 0 0 0 0 0 0 0 0 0 0
0 0 0 0 0 0 0 0 0 0 0 0 0 0 0 0 0
0 0 0 0 0 0 0 0 0 0 0 0 0 0 0 0 0
0 0 0 0 0 0 0 0 0 0 0 0 0 0 0 0 0
0 0 0 0 0 0 0 0 0 0 0 0 0 0 0 0 0
0 0 0 0 0 0 0 0 0 0 0 0 0 0 0 0 0
0 0 0 0 0 0 0 0 0 0 0 0 0 0 0 0 0
0 0 0 0 0 0 0 0 0 0 0 0 0 0 0 0 0
0 0 0 0 0 0 0 0 0 0 0 0 0 0 0 0 0
0 0 0 0 0 0 0 0 0 0 0 0 0 0 0 0 0
0 0 0 0 0 0 0 0 0 0 0 0 0 0 0 0 0
0 0 0 0 0 0 0 0 0 0 0 0 0 0 0 0 0
0 0 0 0 0 0 0 0 0 0 0 0 0 0 0 0 0
0 0 0 0 0 0 0 0 0 0 0 0 0 0 0 0 0
0 0 0 0 0 0 0 0 0 0 0 0 0 0 0 0 0

