0 0 0 0 0 0 0 0 0 0 0 0 0 0 0 0 0
0 0 0 0 0 0 0 0 0 0 0 0 0 0 0 0 0
0 0 0 0 0 0 0 0 0 0 0 0 0 0 0 0 0
0 0 0 0 0 0 0 0 0 0 0 0 0 0 0 0 0
0 0 0 0 0 0 0 0 0 0 0 0 0 0 0 0 0
0 0 0 0 0 0 0 0 0 0 0 0 0 0 0 0 0
0 0 0 0 0 0 0 0 0 0 0 0 0 0 0 0 0
0 0 0 0 0 0 0 0 0 0 0 0 0 0 0 0 0
0 0 0 0 0 0 0 0 0 0 0 0 0 0 0 0 0
0 0 0 0 0 0 0 0 0 0 0 0 0 0 0 0 0
0 0 0 0 0 0 0 0 0 0 0 0 0 0 0 0 0
0 0 0 0 0 0 0 0 0 0 0 0 0 0 0 0 0
0 0 0 0 0 0 0 0 0 0 0 0 0 0 0 0 0
0 0 0 0 0 0 0 0 0 0 0 0 0 0 0 0 0
0 0 0 0 0 0 0 0 0 0 0 0 0 0 0 0 0
0 0 0 0 0 0 0 0 0 0 0 0 0 0 0 0 0
0 0 0 0 0 0 0 0 0 0 0 0 0 0 0 0 0

0 0 0 0 0 0 0 0 0 0 0 0 0 0 0 0 0
0 0 0 0 0 0 0 0 0 0 0 0 0 0 0 0 0
0 0 0 0 0 0 0 0 0 0 0 0 0 0 0 0 0
0 0 0 0 0 0 0 0 0 0 0 0 0 0 0 0 0
0 0 0 0 0 0 0 0 0 0 0 0 0 0 0 0 0
0 0 0 0 0 0 0 0 0 0 0 0 0 0 0 0 0
0 0 0 0 0 0 0 0 0 0 0 0 0 0 0 0 0
0 0 0 0 0 0 0 0 0 0 0 0 0 0 0 0 0
0 0 0 0 0 0 0 0 0 0 0 0 0 0 0 0 0
0 0 0 0 0 0 0 0 0 0 0 0 0 0 0 0 0
0 0 0 0 0 0 0 0 0 0 0 0 0 0 0 0 0
0 0 0 0 0 0 0 0 0 0 0 0 0 0 0 0 0
0 0 0 0 0 0 0 0 0 0 0 0 0 0 0 0 0
0 0 0 0 0 0 0 0 0 0 0 0 0 0 0 0 0
0 0 0 0 0 0 0 0 0 0 0 0 0 0 0 0 0
0 0 0 0 0 0 0 0 0 0 0 0 0 0 0 0 0
0 0 0 0 0 0 0 0 0 0 0 0 0 0 0 0 0

0 0 0 0 0 0 0 0 0 0 0 0 0 0 0 0 0
0 0 0 0 0 0 0 0 0 0 0 0 0 0 0 0 0
0 0 0 0 0 0 0 0 0 0 0 0 0 0 0 0 0
0 0 0 0 0 0 0 0 0 0 0 0 0 0 0 0 0
0 0 0 0 0 0 0 0 0 0 63 48 0 0 0 0 0
0 0 0 0 0 0 0 0 0 0 186 182 54 0 0 0 0
0 0 0 0 0 0 0 0 0 0 151 182 155 0 0 0 0
0 0 0 0 0 0 0 0 0 0 0 34 0 0 0 0 0
0 0 0 0 0 0 0 0 0 0 0 0 0 0 0 0 0
0 0 0 0 0 0 0 0 0 0 0 0 0 0 0 0 0
0 0 0 0 0 0 0 0 0 0 0 0 0 0 0 0 0
0 0 0 0 0 0 0 0 0 0 0 0 0 0 0 0 0
0 0 0 0 0 0 0 0 0 0 0 0 0 0 0 0 0
0 0 0 0 0 0 0 0 0 0 0 0 0 0 0 0 0
0 0 0 0 0 0 0 0 0 0 0 0 0 0 0 0 0
0 0 0 0 0 0 0 0 0 0 0 0 0 0 0 0 0
0 0 0 0 0 0 0 0 0 0 0 0 0 0 0 0 0

0 0 0 0 0 0 0 0 0 0 0 0 0 0 0 0 0
0 0 0 0 0 0 0 0 0 0 0 0 0 0 0 0 0
0 0 0 0 0 0 0 0 0 0 0 0 0 0 0 0 0
0 0 0 0 0 0 0 0 0 0 0 21 0 0 0 0 0
0 0 0 0 0 0 0 0 0 0 167 173 132 0 0 0 0
0 0 0 0 0 0 0 0 0 75 194 165 183 13 0 0 0
0 0 0 0 0 0 0 0 0 78 183 158 165 30 0 0 0
0 0 0 0 0 0 0 0 0 0 151 184 143 0 0 0 0
0 0 0 0 0 0 0 0 0 0 0 0 0 0 0 0 0
0 0 0 0 0 0 0 0 0 0 0 0 0 0 0 0 0
0 0 0 0 0 0 0 0 0 0 0 0 0 0 0 0 0
0 0 0 0 0 0 0 0 0 0 0 0 0 0 0 0 0
0 0 0 0 0 0 0 0 0 0 0 0 0 0 0 0 0
0 0 0 0 0 0 0 0 0 0 0 0 0 0 0 0 0
0 0 0 0 0 0 0 0 0 0 0 0 0 0 0 0 0
0 0 0 0 0 0 0 0 0 0 0 0 0 0 0 0 0
0 0 0 0 0 0 0 0 0 0 0 0 0 0 0 0 0

0 0 0 0 0 0 0 0 0 0 0 0 0 0 0 0 0
0 0 0 0 0 0 0 0 0 0 0 0 0 0 0 0 0
0 0 0 0 0 0 0 0 0 0 0 0 0 0 0 0 0
0 0 0 0 0 0 0 0 0 0 0 0 0 0 0 0 0
0 0 0 0 0 0 0 0 0 32 161 187 159 0 0 0 0
0 0 0 0 0 0 0 4 73 173 167 176 150 30 0 0 0
0 0 0 0 0 0 10 9 156 159 192 162 178 36 0 0 0
0 0 0 0 0 0 0 -4 118 160 203 172 120 0 0 0 0
0 0 0 0 0 82 103 21 0 101 157 77 0 0 0 0 0
0 0 0 0 0 108 106 87 0 0 0 0 0 0 0 0 0
0 0 0 0 0 94 102 99 0 0 0 0 0 0 0 0 0
0 0 0 0 0 0 0 0 0 0 0 0 0 0 0 0 0
0 0 0 0 0 0 0 0 0 0 0 0 0 0 0 0 0
0 0 0 0 0 0 0 0 0 0 0 0 0 0 0 0 0
0 0 0 0 0 0 0 0 0 0 0 0 0 0 0 0 0
0 0 0 0 0 0 0 0 0 0 0 0 0 0 0 0 0
0 0 0 0 0 0 0 0 0 0 0 0 0 0 0 0 0

0 0 0 0 0 0 0 0 0 0 0 0 0 0 0 0 0
0 0 0 0 0 0 0 0 0 0 0 0 0 0 0 0 0
0 0 0 0 0 0 0 0 0 0 0 0 0 0 0 0 0
0 0 0 0 0 0 0 0 0 26 21 0 0 0 0 0 0
0 0 0 0 0 0 0 0 141 158 147 168 38 0 0 0 0
0 0 0 0 0 0 -28 33 154 160 160 192 172 0 0 0 0
0 0 0 0 0 0 40 2 135 143 160 195 177 13 0 0 0
0 0 0 0 140 192 174 165 159 143 160 181 157 14 0 0 0
0 0 0 43 169 188 170 169 189 149 166 144 153 0 0 0 0
0 0 0 151 177 189 162 186 182 148 163 98 0 0 0 0 0
0 0 0 60 173 161 183 163 187 36 0 0 0 0 0 0 0
0 0 0 0 150 166 188 168 132 0 0 0 0 0 0 0 0
0 0 0 0 0 99 133 75 0 0 0 0 0 0 0 0 0
0 0 0 0 0 0 0 0 0 0 0 0 0 0 0 0 0
0 0 0 0 0 0 0 0 0 0 0 0 0 0 0 0 0
0 0 0 0 0 0 0 0 0 0 0 0 0 0 0 0 0
0 0 0 0 0 0 0 0 0 0 0 0 0 0 0 0 0

0 0 0 0 0 0 0 0 0 0 0 0 0 0 0 0 0
0 0 0 0 0 0 0 0 0 0 0 0 0 0 0 0 0
0 0 0 0 0 0 0 0 0 0 0 0 0 0 0 0 0
0 0 0 0 0 0 0 0 -4 150 155 53 0 0 0 0 0
0 0 0 0 0 0 0 57 136 164 168 140 165 0 0 0 0
0 0 0 0 0 0 0 149 135 175 154 150 153 34 0 0 0
0 0 0 0 151 184 176 183 151 150 143 153 153 144 0 0 0
0 0 0 127 160 181 176 170 165 151 129 146 132 151 0 0 0
0 0 0 181 178 161 168 175 175 175 135 117 163 27 0 0 0
0 0 21 167 192 167 153 198 204 183 45 31 30 0 0 0 0
0 0 45 166 171 162 179 167 151 150 33 19 23 0 0 0 0
0 0 0 175 181 166 172 178 168 190 0 -7 0 0 0 0 0
0 0 0 4 173 170 199 163 186 0 0 0 0 0 0 0 0
0 0 0 0 0 36 75 14 0 0 0 0 0 0 0 0 0
0 0 0 0 0 0 0 0 0 0 0 0 0 0 0 0 0
0 0 0 0 0 0 0 0 0 0 0 0 0 0 0 0 0
0 0 0 0 0 0 0 0 0 0 0 0 0 0 0 0 0

0 0 0 0 0 0 0 0 0 0 0 0 0 0 0 0 0
0 0 0 0 0 0 0 0 0 0 0 0 0 0 0 0 0
0 0 0 0 0 0 0 0 0 0 0 0 0 0 0 0 0
0 0 0 0 0 0 0 0 20 150 169 140 0 0 0 0 0
0 0 0 0 0 0 0 51 179 147 157 151 169 0 0 0 0
0 0 0 0 0 77 170 123 144 123 156 160 144 121 0 0 0
0 0 0 57 171 196 193 170 170 174 148 144 140 182 0 0 0
0 0 0 183 178 194 181 180 165 190 143 100 142 142 0 0 0
0 0 159 203 169 164 166 186 175 172 75 21 23 18 0 0 0
0 0 159 185 179 152 175 173 176 184 164 40 53 25 0 0 0
0 0 172 186 189 186 172 158 185 176 129 51 54 47 0 0 0
0 0 58 144 179 161 166 183 196 181 55 23 34 2 0 0 0
0 0 0 166 189 184 178 189 174 133 0 7 0 0 0 0 0
0 0 0 0 90 187 172 169 28 0 0 0 0 0 0 0 0
0 0 0 0 0 0 0 0 0 0 0 0 0 0 0 0 0
0 0 0 0 0 0 0 0 0 0 0 0 0 0 0 0 0
0 0 0 0 0 0 0 0 0 0 0 0 0 0 0 0 0

0 0 0 0 0 0 0 0 0 0 0 0 0 0 0 0 0
0 0 0 0 0 0 0 0 0 0 21 15 0 0 0 0 0
0 0 0 0 0 0 0 0 0 3 15 44 18 0 0 0 0
0 0 0 0 0 0 0 0 0 61 31 41 34 0 0 0 0
0 0 0 0 0 0 0 0 163 154 46 32 127 0 0 0 0
0 0 0 0 0 146 141 175 147 161 163 136 158 28 0 0 0
0 0 0 172 185 188 167 184 184 168 153 154 137 155 0 0 0
0 0 97 191 161 211 186 179 179 188 127 73 102 56 0 0 0
0 0 165 205 157 190 170 170 183 156 198 32 28 46 0 0 0
0 0 190 175 169 173 191 171 173 204 178 11 18 48 0 0 0
0 0 184 183 213 188 176 175 191 178 190 44 25 52 0 0 0
0 0 144 202 187 180 189 172 167 192 62 23 25 35 0 0 0
0 0 0 186 186 173 152 172 175 172 11 28 21 0 0 0 0
0 0 0 0 180 200 178 171 163 0 0 0 0 0 0 0 0
0 0 0 0 0 0 0 0 0 0 0 0 0 0 0 0 0
0 0 0 0 0 0 0 0 0 0 0 0 0 0 0 0 0
0 0 0 0 0 0 0 0 0 0 0 0 0 0 0 0 0

0 0 0 0 0 0 0 0 0 0 0 0 0 0 0 0 0
0 0 0 0 0 0 0 0 0 0 -4 1 0 0 0 0 0
0 0 0 0 0 0 0 0 0 41 32 33 50 0 0 0 0
0 0 0 0 0 0 0 0 0 36 37 32 45 0 0 0 0
0 0 0 0 0 0 0 0 27 116 20 51 15 0 0 0 0
0 0 0 0 0 165 166 156 145 158 159 144 167 0 0 0 0
0 0 0 158 163 188 175 170 189 167 163 154 152 0 0 0 0
0 0 48 207 189 174 173 173 194 184 107 80 129 0 0 0 0
0 0 154 145 198 201 163 166 187 192 169 43 26 36 0 0 0
0 0 178 169 176 171 175 185 170 171 181 56 13 40 0 0 0
0 0 148 184 187 187 193 186 172 160 179 20 37 36 0 0 0
0 0 119 169 182 187 187 154 154 184 63 30 44 10 0 0 0
0 0 0 195 191 183 157 166 185 169 -22 31 10 0 0 0 0
0 0 0 0 161 177 153 159 111 0 0 0 0 0 0 0 0
0 0 0 0 0 0 0 0 0 0 0 0 0 0 0 0 0
0 0 0 0 0 0 0 0 0 0 0 0 0 0 0 0 0
0 0 0 0 0 0 0 0 0 0 0 0 0 0 0 0 0

0 0 0 0 0 0 0 0 0 0 0 0 0 0 0 0 0
0 0 0 0 0 0 0 0 0 24 104 26 0 0 0 0 0
0 0 0 0 0 0 0 0 0 42 37 45 21 0 0 0 0
0 0 0 0 0 0 0 0 0 34 56 18 77 0 0 0 0
0 0 0 0 0 0 0 0 0 -15 36 36 6 0 0 0 0
0 0 0 0 0 0 24 0 0 87 137 26 0 0 0 0 0
0 0 0 19 163 172 185 192 179 156 147 144 0 0 0 0 0
0 0 0 189 180 178 174 179 177 145 165 73 0 0 0 0 0
0 0 129 188 182 185 157 174 169 175 63 45 19 0 0 0 0
0 0 147 171 190 164 179 199 149 198 96 25 40 -5 0 0 0
0 0 142 187 189 199 162 190 189 189 70 33 25 15 0 0 0
0 0 0 199 163 204 171 204 159 181 9 34 24 0 0 0 0
0 0 0 109 184 187 178 166 170 52 0 0 0 0 0 0 0
0 0 0 0 1 170 156 191 2 0 0 0 0 0 0 0 0
0 0 0 0 0 0 0 0 0 0 0 0 0 0 0 0 0
0 0 0 0 0 0 0 0 0 0 0 0 0 0 0 0 0
0 0 0 0 0 0 0 0 0 0 0 0 0 0 0 0 0

0 0 0 0 0 0 0 0 0 0 0 0 0 0 0 0 0
0 0 0 0 0 0 0 0 0 0 0 0 0 0 0 0 0
0 0 0 0 0 0 0 0 0 0 37 33 0 0 0 0 0
0 0 0 0 0 0 0 0 0 0 184 245 0 0 0 0 0
0 0 0 0 0 0 0 0 0 0 218 252 0 0 0 0 0
0 0 0 0 0 0 0 0 0 0 0 0 0 0 0 0 0
0 0 0 0 13 198 177 163 0 0 0 0 0 0 0 0 0
0 0 0 8 183 182 180 188 184 0 0 0 0 0 0 0 0
0 0 0 189 165 180 204 198 185 162 0 0 0 0 0 0 0
0 0 0 184 186 179 188 184 187 170 0 0 0 0 0 0 0
0 0 0 190 162 197 177 198 151 175 0 0 0 0 0 0 0
0 0 0 128 173 175 170 172 185 75 0 0 0 0 0 0 0
0 0 0 0 128 181 179 148 74 0 0 0 0 0 0 0 0
0 0 0 0 0 0 13 0 0 0 0 0 0 0 0 0 0
0 0 0 0 0 0 0 0 0 0 0 0 0 0 0 0 0
0 0 0 0 0 0 0 0 0 0 0 0 0 0 0 0 0
0 0 0 0 0 0 0 0 0 0 0 0 0 0 0 0 0

0 0 0 0 0 0 0 0 0 0 0 0 0 0 0 0 0
0 0 0 0 0 0 0 0 0 0 0 0 0 0 0 0 0
0 0 0 0 0 0 0 0 0 0 0 0 0 0 0 0 0
0 0 0 0 0 0 0 0 0 0 216 230 0 0 0 0 0
0 0 0 0 0 0 0 0 0 0 236 255 0 0 0 0 0
0 0 0 0 0 0 0 0 0 0 0 0 0 0 0 0 0
0 0 0 0 0 0 0 0 0 0 0 0 0 0 0 0 0
0 0 0 0 0 87 176 89 0 0 0 0 0 0 0 0 0
0 0 0 0 123 160 162 178 82 0 0 0 0 0 0 0 0
0 0 0 0 170 161 204 161 168 0 0 0 0 0 0 0 0
0 0 0 0 134 186 161 194 98 0 0 0 0 0 0 0 0
0 0 0 0 53 159 167 169 0 0 0 0 0 0 0 0 0
0 0 0 0 0 0 43 0 0 0 0 0 0 0 0 0 0
0 0 0 0 0 0 0 0 0 0 0 0 0 0 0 0 0
0 0 0 0 0 0 0 0 0 0 0 0 0 0 0 0 0
0 0 0 0 0 0 0 0 0 0 0 0 0 0 0 0 0
0 0 0 0 0 0 0 0 0 0 0 0 0 0 0 0 0

0 0 0 0 0 0 0 0 0 0 0 0 0 0 0 0 0
0 0 0 0 0 0 0 0 0 0 0 0 0 0 0 0 0
0 0 0 0 0 0 0 0 0 0 0 0 0 0 0 0 0
0 0 0 0 0 0 0 0 0 0 0 0 0 0 0 0 0
0 0 0 0 0 0 0 0 0 0 0 0 0 0 0 0 0
0 0 0 0 0 0 0 0 0 0 0 0 0 0 0 0 0
0 0 0 0 0 0 0 0 0 0 0 0 0 0 0 0 0
0 0 0 0 0 0 0 0 0 0 0 0 0 0 0 0 0
0 0 0 0 0 0 0 0 0 0 0 0 0 0 0 0 0
0 0 0 0 0 0 -3 0 0 0 0 0 0 0 0 0 0
0 0 0 0 0 0 0 0 0 0 0 0 0 0 0 0 0
0 0 0 0 0 0 0 0 0 0 0 0 0 0 0 0 0
0 0 0 0 0 0 0 0 0 0 0 0 0 0 0 0 0
0 0 0 0 0 0 0 0 0 0 0 0 0 0 0 0 0
0 0 0 0 0 0 0 0 0 0 0 0 0 0 0 0 0
0 0 0 0 0 0 0 0 0 0 0 0 0 0 0 0 0
0 0 0 0 0 0 0 0 0 0 0 0 0 0 0 0 0

0 0 0 0 0 0 0 0 0 0 0 0 0 0 0 0 0
0 0 0 0 0 0 0 0 0 0 0 0 0 0 0 0 0
0 0 0 0 0 0 0 0 0 0 0 0 0 0 0 0 0
0 0 0 0 0 0 0 0 0 0 0 0 0 0 0 0 0
0 0 0 0 0 0 0 0 0 0 0 0 0 0 0 0 0
0 0 0 0 0 0 0 0 0 0 0 0 0 0 0 0 0
0 0 0 0 0 0 0 0 0 0 0 0 0 0 0 0 0
0 0 0 0 0 0 0 0 0 0 0 0 0 0 0 0 0
0 0 0 0 0 0 0 0 0 0 0 0 0 0 0 0 0
0 0 0 0 0 0 0 0 0 0 0 0 0 0 0 0 0
0 0 0 0 0 0 0 0 0 0 0 0 0 0 0 0 0
0 0 0 0 0 0 0 0 0 0 0 0 0 0 0 0 0
0 0 0 0 0 0 0 0 0 0 0 0 0 0 0 0 0
0 0 0 0 0 0 0 0 0 0 0 0 0 0 0 0 0
0 0 0 0 0 0 0 0 0 0 0 0 0 0 0 0 0
0 0 0 0 0 0 0 0 0 0 0 0 0 0 0 0 0
0 0 0 0 0 0 0 0 0 0 0 0 0 0 0 0 0

0 0 0 0 0 0 0 0 0 0 0 0 0 0 0 0 0
0 0 0 0 0 0 0 0 0 0 0 0 0 0 0 0 0
0 0 0 0 0 0 0 0 0 0 0 0 0 0 0 0 0
0 0 0 0 0 0 0 0 0 0 0 0 0 0 0 0 0
0 0 0 0 0 0 0 0 0 0 0 0 0 0 0 0 0
0 0 0 0 0 0 0 0 0 0 0 0 0 0 0 0 0
0 0 0 0 0 0 0 0 0 0 0 0 0 0 0 0 0
0 0 0 0 0 0 0 0 0 0 0 0 0 0 0 0 0
0 0 0 0 0 0 0 0 0 0 0 0 0 0 0 0 0
0 0 0 0 0 0 0 0 0 0 0 0 0 0 0 0 0
0 0 0 0 0 0 0 0 0 0 0 0 0 0 0 0 0
0 0 0 0 0 0 0 0 0 0 0 0 0 0 0 0 0
0 0 0 0 0 0 0 0 0 0 0 0 0 0 0 0 0
0 0 0 0 0 0 0 0 0 0 0 0 0 0 0 0 0
0 0 0 0 0 0 0 0 0 0 0 0 0 0 0 0 0
0 0 0 0 0 0 0 0 0 0 0 0 0 0 0 0 0
0 0 0 0 0 0 0 0 0 0 0 0 0 0 0 0 0

0 0 0 0 0 0 0 0 0 0 0 0 0 0 0 0 0
0 0 0 0 0 0 0 0 0 0 0 0 0 0 0 0 0
0 0 0 0 0 0 0 0 0 0 0 0 0 0 0 0 0
0 0 0 0 0 0 0 0 0 0 0 0 0 0 0 0 0
0 0 0 0 0 0 0 0 0 0 0 0 0 0 0 0 0
0 0 0 0 0 0 0 0 0 0 0 0 0 0 0 0 0
0 0 0 0 0 0 0 0 0 0 0 0 0 0 0 0 0
0 0 0 0 0 0 0 0 0 0 0 0 0 0 0 0 0
0 0 0 0 0 0 0 0 0 0 0 0 0 0 0 0 0
0 0 0 0 0 0 0 0 0 0 0 0 0 0 0 0 0
0 0 0 0 0 0 0 0 0 0 0 0 0 0 0 0 0
0 0 0 0 0 0 0 0 0 0 0 0 0 0 0 0 0
0 0 0 0 0 0 0 0 0 0 0 0 0 0 0 0 0
0 0 0 0 0 0 0 0 0 0 0 0 0 0 0 0 0
0 0 0 0 0 0 0 0 0 0 0 0 0 0 0 0 0
0 0 0 0 0 0 0 0 0 0 0 0 0 0 0 0 0
0 0 0 0 0 0 0 0 0 0 0 0 0 0 0 0 0

